9993 30
-4147 8575
4966 6387
1771 2674
2417 6350
4207 5051
1725 5136
3103 3397
4869 4763
2777 3330
3277 4738
4685 3575
3277 6656
3913 3265
2675 637
3151 3722
4061 5500
4983 2331
3345 93
2813 5603
7222 3333
3581 8774
1500 8330
4494 5229
5701 3085
7318 6132
-506 7844
602 5897
4839 6282
1659 2642
5905 3639
2045 2544
2289 6192
5215 2708
2515 3155
4905 3861
462 3695
4280 11403
4208 638
3265 2872
5993 3321
4947 2890
3030 1142
2825 986
2229 5388
3882 1944
-798 6542
5384 8234
2661 7984
-549 1070
4125 4501
-829 1833
2019 3680
-889 1882
6281 5820
2884 4417
5997 5473
5217 3200
4104 3780
-2034 3334
6036 8666
9166 3004
3372 9372
-126 7699
7763 6300
4842 4425
5271 3575
689 4890
4571 3693
2612 4034
-406 4319
1705 4626
5138 7541
1289 6342
2487 5852
5993 4696
2730 1825
5870 5571
8682 2594
655 725
2540 7603
2370 5969
2081 2154
4159 2671
3408 2854
5325 4002
1831 6675
2201 3367
3775 7152
4427 5950
4987 6228
3298 2866
6321 8059
1980 -10093
3539 3997
2047 2277
3882 1744
3351 3246
5657 5050
1664 2816
3279 5924
1758 5369
3170 5814
10205 10609
2381 1298
4040 3281
5162 8644
2804 5795
3764 7528
3084 5525
2641 1832
-3096 504
4271 4370
5541 2309
2627 3301
5509 8649
1307 4407
3481 5781
2190 4480
2966 4521
6993 -1218
2939 2040
1775 3465
11575 1383
5936 6183
6302 4941
4047 3980
5332 2341
4053 4026
5729 2206
1935 4606
2990 2513
5123 3349
5019 3728
4879 7355
1723 5991
1716 7833
1601 6336
4596 5403
2003 736
1151 3649
1724 1128
3440 3596
5196 5528
-1505 6293
4866 5087
401 4829
2876 2480
5781 3632
5932 2616
5579 2891
5065 4049
2448 4739
-191 1097
4148 8204
6570 3535
4329 2285
4450 5302
2211 4214
3525 4825
4282 1331
2060 4217
2436 3519
3800 4092
1131 3409
316 7306
4027 3422
2967 4197
1699 2679
3192 5400
782 9606
6414 5112
2985 7219
2463 3297
4620 5481
4817 3617
5090 4972
2373 1401
4241 5153
3380 3068
1781 5657
-2553 1412
2701 3818
5876 4903
556 3989
2720 7535
3331 1974
-875 6956
3684 8428
663 3125
3904 2221
357 6339
5494 5618
3862 5967
3709 6504
4022 4849
2810 6079
-2271 4934
6482 988
3969 2924
4742 3590
6089 4286
565 -480
4902 6574
686 4676
2883 3929
4640 5375
742 3876
5304 4811
2401 3706
4165 10102
3779 5124
1158 5004
6212 3480
4677 1387
4918 5572
3037 5518
2707 4104
2698 3092
4798 2363
4204 4415
2984 6554
1216 2275
1573 4978
4168 4463
3195 3613
4076 5344
2952 4751
5740 3312
4741 4457
4261 4816
3685 5276
5037 2993
1655 3425
-156 2233
5404 4838
4795 6751
3313 7966
6009 7097
1380 4153
5346 2512
6962 12043
149 6335
4862 8488
5489 8364
5607 5665
1747 2391
3140 6668
1417 5203
452 2365
4096 4335
6238 3711
3533 5564
7070 5407
3084 5681
4330 10256
5960 1512
1034 5484
3824 4798
4961 6914
2087 10248
-194 4522
3233 5203
3007 3068
2458 1363
4868 8367
4214 4408
514 5683
1965 2689
209 6268
2538 4812
3792 6764
2031 4488
1874 8688
4607 3583
5977 4835
5779 5628
4641 4451
7612 4888
652 4792
1362 7997
2724 6935
4617 3842
5310 4476
5736 10725
742 5426
1106 4136
1618 5393
5355 6893
5977 2060
3654 5036
-1070 6619
2840 2596
3093 4893
2759 5547
4512 3586
3889 2261
4879 2687
4276 5516
3674 833
7195 3541
5443 3550
8082 2772
5020 5824
1111 6100
4452 1701
1110 4942
1929 4699
-1984 18
4146 2863
2600 5968
5433 1147
3968 4296
3376 2542
6684 4557
1653 5017
6349 3375
-12 4878
4131 3776
5104 9235
1640 4241
4420 5651
5591 5973
7298 2370
133 5005
4449 3577
55 4408
-172 3091
3715 -454
1495 5360
2258 1644
4820 5695
5173 4524
2449 6809
5047 6138
4181 7437
8852 4974
1955 1961
6828 2992
4908 4538
1158 7080
3900 2256
4516 3001
1237 9870
1015 6198
4067 5195
2388 6356
2315 7263
5177 6181
1535 2419
6909 7054
4494 4556
1343 1845
4918 4255
4546 5473
3648 1961
3426 2910
-224 2558
4263 4386
3645 4352
3599 2889
-651 3040
3576 3720
4757 4124
3420 5728
1102 1121
665 5205
4178 8759
3173 3527
4144 3985
2662 2136
6274 344
3498 4803
2117 3833
417 7998
4023 3794
2510 2584
6486 2577
4965 3519
2358 6444
2466 3209
2973 5728
-258 6273
3160 7420
8605 2038
-1991 402
2948 6291
3121 5929
6280 5173
3951 6189
5217 1860
4879 5498
365 1450
3578 4020
2093 3144
1566 1795
6574 5720
5510 4976
5713 1367
4755 5195
7046 2073
5207 5220
-966 6812
9 6171
5027 4826
527 1712
-3804 5241
444 8176
2615 4446
3780 2467
1808 5330
5256 3741
1480 4209
6748 4813
3413 4539
1888 2458
783 7323
11644 4325
-2111 3837
2849 5324
1197 6283
-1904 6196
511 5318
3884 3328
2868 7702
5829 6042
1069 5658
3718 4892
3984 6418
5282 3007
52 5081
4710 5854
1908 9261
6278 371
3445 3286
4786 6514
4719 3700
5827 4248
3206 5061
-3015 1853
2975 4329
3319 7220
5209 4984
4106 5765
4108 7482
1667 8258
4456 3618
7093 4229
12659 4017
2243 7683
6764 -1508
1531 4498
982 4279
3640 2799
2524 5418
5238 5316
6245 2730
-1010 11253
2716 2525
2086 6886
-1016 5529
2608 4024
1462 4839
2941 3369
7905 10370
1946 130
2812 5891
1025 3876
4715 4541
2462 844
7151 4182
3486 4757
1499 4718
3756 3467
483 8842
5564 5132
2625 3635
4771 3326
1797 6821
3591 8617
-142 4340
7459 4918
3948 7217
7929 8591
7936 3301
-241 5626
7598 8159
2405 4876
3305 4892
4348 3471
4229 1128
6424 3560
3751 2779
7209 3972
2054 5426
-7 4162
3755 -1123
2745 3127
4747 6266
4132 3030
4845 5315
3242 4551
274 4582
461 5802
641 5577
4132 4927
5157 5093
4489 5648
4545 4866
4261 5185
2781 7433
5031 4995
284 6142
4546 5417
2986 5231
3756 4209
1662 4067
6598 7222
264 2286
918 3860
3741 1593
3092 8361
2138 2414
9414 777
4261 6549
8031 3364
3770 4168
3334 5107
3126 7776
272 3763
2658 4459
3635 4594
3103 6325
-235 4068
4784 6272
2378 5493
2595 4068
3041 7479
3762 6063
-1223 5460
3762 7830
-646 629
4857 6774
1873 6542
2247 3286
2393 4555
3020 6176
3737 2697
5164 1735
1596 4145
4538 2576
3980 5119
3483 2321
4608 6616
7543 3650
5694 9780
812 2143
4096 4840
5292 4228
2347 4488
5872 2741
-2358 7641
7224 7955
2551 5965
2413 1482
3293 6232
1760 3715
3053 2894
4562 5078
2517 44
3503 2605
491 4298
1364 3550
6167 4903
2310 5725
5024 7606
3573 3043
2287 3009
5873 4307
6233 3822
4622 6846
7198 5933
2530 1573
5451 2376
1139 840
1987 3767
5063 5083
6799 5587
2668 3538
4424 7610
3603 2351
3456 1366
3290 3502
6229 7665
2798 1440
4667 3745
2501 7027
2670 2918
6146 5803
4358 3489
6597 5760
3128 4583
5412 5583
3463 5286
4908 5990
3811 6918
1779 3994
7562 6274
5915 6710
-2002 9559
978 4149
243 3531
1562 9181
8193 669
2135 7858
5448 6644
4425 4560
1696 6037
2973 4412
3953 2047
4821 2952
2469 3005
3907 5246
144 3099
3585 -827
2457 4631
3660 4992
7227 2354
4331 5468
2146 7446
4834 5783
132 6163
2747 5303
5448 4878
4227 6185
7742 5731
1767 6262
1897 3282
3531 4757
3933 925
3645 6111
1439 3615
3036 3484
3253 6595
3620 3270
1724 4391
6288 4995
2453 1927
2420 5454
5047 6229
878 5955
3745 5187
5267 3911
3568 3905
6817 -424
3846 3001
2406 5369
3307 3932
3746 5432
1539 5070
-290 3320
2010 3514
2728 5294
4972 3417
1771 2742
2176 2909
1637 666
4144 1981
5476 1794
4423 4313
386 2424
5227 3047
5003 2251
1720 6296
4792 4000
3290 2202
4554 5644
2426 7569
1395 4548
1012 1221
3930 3404
3465 3420
7057 5825
31 4764
4107 3969
8507 4995
5045 6968
1915 3570
4830 3715
562 10755
3965 8741
4242 5209
5131 5238
4319 12834
2946 2600
5123 764
5465 3306
5014 5602
1916 3099
2529 3950
5778 2806
961 2606
7106 5941
4808 3788
4915 4146
1301 4205
7335 1472
4004 3095
2478 7015
3706 4304
5210 6002
3137 5162
6647 5759
1686 4192
5776 3632
2891 5977
1071 5432
5983 6893
615 863
993 4978
6121 5355
3409 300
6473 3582
1351 4824
2541 3063
389 680
1289 4740
3830 5392
3705 5716
6507 5563
1575 2831
-54 3124
2914 3617
6440 3771
2903 4124
3972 4152
-362 5261
-2938 5602
2778 8480
4074 2736
1713 4746
2660 3021
4305 9133
3787 1322
8174 -1797
7473 4505
4690 5832
2285 4440
1914 7765
1069 5317
6493 4936
1789 2624
7504 6785
-1831 1285
4020 2650
8210 8120
4892 565
3603 6772
5408 1841
987 5415
907 3104
2181 5066
4042 3074
4354 5392
2306 6648
4039 5505
3717 2986
2058 5445
3097 5725
1149 1286
2722 7097
4931 2560
4879 3120
6388 2841
3234 6551
7860 2414
3340 8220
7180 6708
5587 2131
501 5257
2756 4391
2776 4454
5012 378
1729 5269
3234 4385
6186 -470
1548 4383
6166 5923
5379 2913
3224 6674
2233 100
2245 3259
4030 7373
3374 3110
1241 3331
2152 6426
2874 2239
3610 3617
2548 3514
3541 8265
3790 939
749 7007
1848 1446
6714 2116
2486 4282
2571 4831
1063 5307
3779 5709
5601 7594
4577 5608
-1457 2969
779 6314
3203 1484
6682 3541
3770 6478
2598 4191
4893 2851
2676 3612
3025 2833
380 8034
4869 4370
4147 9698
5311 -851
2092 8215
4564 1873
-408 1885
12362 883
3923 4126
1838 4309
3509 4941
158 3793
2043 3775
4143 6900
5936 5883
2344 700
2959 2998
-50 6551
2739 4495
5294 5414
3100 7761
6585 2918
8479 1965
669 -196
7373 5110
2110 2905
2802 4478
3066 5673
4376 2687
4011 3293
4340 4587
3645 2118
5983 2209
3115 2249
3542 3325
7613 3973
11669 6456
2990 5164
3485 7470
1645 5743
7272 7782
4790 2182
4003 3677
4049 5725
2760 3498
2988 5706
2920 4914
1599 4896
1391 2982
2831 2542
4914 3250
-1752 5659
2480 5088
3052 4911
-339 7866
-777 6790
5029 2831
1090 4516
5823 4831
1614 322
4368 3267
1782 6840
2337 5194
5395 9225
5646 5227
-1923 2734
4741 4255
7088 1507
417 2880
4281 4216
5269 3103
7993 6917
3082 8073
3366 8139
2684 3863
1302 2937
665 -848
2157 4290
3451 2180
5814 6115
9506 5331
6017 3797
7725 7485
6248 1246
5306 8704
3234 2347
3202 4694
2028 5102
1923 6116
5576 4567
4406 4956
4741 1427
5773 5829
8646 1505
472 5732
3297 7355
3521 888
3344 2713
5608 3309
-529 3484
2249 2992
1102 3192
2766 5722
6427 7444
3279 5422
2638 4353
3554 2982
2368 3495
3265 6416
304 4260
564 5779
467 2782
3844 5534
4356 1901
4772 5791
2916 3984
5600 4402
-1189 7632
1428 5257
3438 2640
6166 1978
1091 6317
5452 3978
2122 5060
5017 4334
2708 3921
4885 7413
1165 5368
4492 5728
5414 4864
3229 5859
4662 6194
1209 7214
3668 5606
2112 7579
3739 3962
2407 5415
1578 3896
4552 2780
4979 1452
3425 8049
2622 5535
5610 4148
2198 515
4587 2539
1581 3241
4058 694
1810 1949
3097 8245
3535 3039
2337 5720
3388 6089
6048 5556
2849 2494
3433 -142
4831 5374
5023 3727
3743 6116
4600 4374
4517 2267
2836 4446
2473 6392
4397 5760
3677 7406
3428 1600
4453 4260
4399 551
6840 1065
7460 2579
2990 3913
5830 1308
5369 5667
5367 846
2855 786
2752 4727
4913 6530
1682 4334
1939 3772
1453 3180
5390 5925
7653 6606
4631 3834
2249 7925
1786 2934
1398 4173
1888 2978
4095 973
2640 1410
3039 2984
1401 2238
2488 6715
5215 330
2549 3932
-323 6024
5212 3780
-1838 6777
-855 4080
2385 4902
2275 1910
3312 7220
2361 3268
7259 5300
3443 4675
5018 6289
4358 2517
3144 2059
3626 5479
1560 5610
2742 4682
5597 7124
1789 4870
1633 3350
1982 8056
2474 1057
5191 5470
5344 2975
4040 7442
3467 1153
4141 4152
1414 1634
3273 4669
780 3489
163 6914
-568 2630
3931 4817
5367 5137
-2919 2898
3097 8077
1941 3091
4348 3935
6599 4418
7305 6004
2410 3311
1219 8961
-719 -286
3172 4925
1921 4135
4377 3316
3712 2806
1478 1867
7789 3256
2767 4910
3579 842
1437 70
10875 1330
-2682 8783
4862 5121
5127 8640
3042 5493
2988 2458
582 1962
1760 935
2960 6598
5372 2506
5495 9579
1236 1857
1799 2685
-1458 4789
1208 4080
3680 2174
7727 6791
1256 4525
4169 2923
3457 3066
1590 2458
2642 7188
-35 6267
-587 666
5230 3857
3013 2358
4370 6873
3009 3179
6480 4142
-614 8022
5588 4055
6843 5406
3757 2396
3203 8193
3494 3984
6510 5784
830 3841
5104 3955
560 7484
3467 2217
4409 5194
1163 5451
2583 4426
1890 970
1315 6509
4914 3571
4527 4131
1265 4228
3336 2813
4297 3131
9642 2379
4322 5619
1431 3943
4274 263
1767 6129
3935 3487
3736 4483
1437 3861
6666 0
-927 5200
3803 939
5087 8273
2123 4384
1839 1943
9055 4759
-1354 3101
5972 5175
3367 -1708
2358 3501
6036 5304
4781 1953
2895 4033
979 -4173
6280 3955
2897 5805
1661 5969
2555 1781
3789 6010
602 5753
-262 4357
2422 3437
5257 5070
2642 2902
3467 5393
838 4556
5842 7681
6562 3388
5185 3790
7331 3691
4107 4942
3501 3796
2928 4079
4635 1722
1463 5426
1121 4148
7464 1992
3357 4968
2525 6953
3461 4239
3326 2563
2856 3987
2209 4184
3181 2859
1133 3026
2903 3388
5969 5039
2909 4149
700 3819
1776 3290
29 -1000
5373 4382
4680 3696
4177 6734
4083 4590
4063 6144
6259 1515
836 4472
2830 2474
6855 2981
4177 2397
-1833 13026
5696 5667
4084 3565
6799 3717
5114 3635
3463 6483
6151 7759
2624 4346
4860 3063
3730 3753
1427 5055
4254 5577
578 3
2394 2751
3439 3750
5687 3241
3678 4015
1857 4170
2193 3291
3344 2765
6111 3898
973 3429
5025 -420
1906 4507
7765 1929
6344 7716
3534 5529
3726 6973
-2390 3297
9313 3396
3848 3007
-351 5816
4157 3702
5149 3153
-586 4321
4602 3404
1471 6896
2182 5246
4102 4853
2994 5154
6281 3950
3086 3995
6631 4503
4144 1576
5231 2967
-85 7855
3441 6633
2437 5699
3798 7137
3596 4442
846 828
3380 5087
5680 3179
1151 4100
2520 8032
4426 2605
2746 3379
1610 5016
1938 7207
5016 5341
2249 3037
3771 2804
1133 4504
2860 2706
1908 4067
1046 5073
813 7766
4468 3498
2350 4334
4199 5496
1939 -426
712 2527
3205 4549
8229 4562
1730 3739
4780 3832
4103 4303
1614 3964
2470 5447
3621 323
-674 2536
4480 5291
1076 4058
3778 2945
-1700 2769
5299 4178
2246 5034
-47 4470
6406 3431
3622 6200
5878 4709
5693 1706
3798 6789
4277 4257
3853 2473
5151 6180
3153 5303
7128 13351
4021 2774
4747 4306
357 6042
1367 3441
3149 6680
4431 2860
6437 6577
4126 7820
1255 4876
2981 5865
2980 5528
3501 3292
1572 2804
2594 3788
3778 3194
1679 6100
2122 3283
8523 3169
5023 858
8131 3467
4591 6473
1549 4757
2694 6590
2472 9207
1622 5821
4603 3846
4225 2404
3484 2218
4806 6343
2875 1360
879 6934
5716 4724
2777 9285
1406 9053
4184 2529
1104 5909
5566 2162
4633 2686
4434 6265
2908 5574
-853 1305
4806 3622
1482 5585
3826 7217
3637 2744
3765 2386
7198 6077
4354 4598
1889 8688
1105 4103
3694 3876
3790 6003
1475 2846
5370 1243
-278 6462
3175 6431
7695 2049
1916 4895
9078 923
3190 6370
4514 4863
4605 3020
2404 5077
4464 4003
3128 2120
2061 4717
3858 5958
-1203 4686
-14 4591
287 2296
4082 5817
50 6458
5154 3920
3088 2395
4461 -262
3252 6423
3461 3695
2574 820
151 7085
4487 2031
3551 3186
2236 5783
-1084 3656
5916 4503
3654 9930
2961 4654
1464 2354
4454 2520
4581 4396
846 4566
1347 6882
5013 6016
5169 7660
3276 2
5209 5787
3413 6284
5191 5418
729 668
3789 5598
2022 6202
1197 -423
1643 4635
5905 3602
603 4435
1839 5384
3562 3390
4847 2412
725 2187
-386 5083
2291 1658
7477 5547
3077 -723
-4174 5088
2588 3735
3032 9309
2070 2563
2350 1911
1036 1267
7424 2608
4338 5524
4627 3327
4454 5880
5910 5441
3273 6410
2246 4007
3801 7933
4830 4438
3013 3343
-949 7149
3266 4904
10042 4321
2577 3710
3919 6056
3512 4916
2774 4545
-489 3235
2839 3517
4887 4244
3229 2218
2314 2570
1592 2717
2523 332
6344 3832
7567 2682
1299 6880
3788 7267
3147 8892
4453 4642
4025 4256
1432 3776
3744 5607
4860 2460
2623 2917
6350 3714
1754 4676
-678 5410
808 3282
4089 224
1024 4933
5322 4453
2302 7316
626 1565
-321 -155
6842 6111
2434 5118
54 7855
4041 9019
7662 4519
811 10455
2053 4772
3093 3617
1743 6352
2489 2872
7031 4335
560 4648
8097 225
1768 -147
1033 3690
4356 2216
1655 29
4134 6582
3935 8283
-795 6942
3096 4624
2816 7339
1405 3586
4371 3942
3601 -223
2545 4168
6878 1054
8833 7026
287 7155
898 2108
3269 -3287
4873 3399
850 -2546
4484 6818
3413 2628
2801 4913
2047 4273
-1486 1795
5625 4727
3651 5750
2876 1204
1042 5185
-526 4765
3986 1417
5666 2961
3965 2576
2027 5417
3374 4057
3362 337
3530 2566
3374 2352
4093 6257
5604 8296
2111 3481
941 6677
1361 3659
4081 3843
3107 4508
3447 4810
1138 4665
1302 3452
3141 7794
6892 3522
2098 3244
1046 3984
2484 -841
3440 5971
2323 5251
296 3016
3502 5808
1479 3516
3375 1976
4276 2326
2759 3182
4958 7931
7482 2685
3006 4344
-2763 -60
3677 6238
2690 13250
7155 6235
2708 5148
1238 9692
1468 5759
3396 5373
4429 762
2880 4498
3846 7631
1831 2422
4491 1399
6139 4367
4667 1838
1576 6511
4281 5846
1128 11791
-1919 363
5438 4146
3268 4065
4644 2864
95 5208
4551 2940
2129 5655
2178 1264
3897 7130
3352 4794
5681 3409
3122 2757
4653 2879
4359 1123
2384 3779
-185 1572
3250 4725
-107 1050
4673 2707
2717 7198
5700 2282
2956 1457
5576 5867
2903 7745
4701 4250
4559 5733
2939 -465
1869 2272
4407 5782
7449 2275
4553 3996
5763 4429
1446 5439
927 3949
4619 1811
4584 6269
943 7020
5044 6239
2446 6248
5797 7536
1380 3399
0 5906
2480 4737
2234 2462
4273 4912
5481 -1102
2086 2015
3809 3634
11657 1092
4845 1490
-1273 6524
2603 1476
3126 3765
-2072 4826
3077 3057
5141 7790
7249 12832
3142 4995
5758 2509
4512 4812
6514 4332
1463 5004
1391 2198
2078 3199
3501 5434
1079 3311
5019 1432
3524 5622
2972 4293
4798 8731
5934 1253
4353 1859
5685 4822
4081 5888
4976 6161
4613 1250
7676 2935
4384 6066
6394 1848
2337 5754
4829 1593
4954 2621
3993 5428
4543 8679
1738 4467
-774 5410
2696 4413
9547 7371
6178 10474
2343 4499
1799 2169
4628 7224
5521 4514
3089 6780
184 6256
6570 6873
5086 4743
1498 7259
5340 6977
1662 5669
7105 1175
3844 4523
5716 2898
3917 4259
1817 3235
3903 4914
3649 5393
7747 4968
4583 3451
3296 1123
6716 2241
1510 4035
3048 8919
3699 3448
3482 3394
3903 4501
2782 1348
3449 7380
4792 4720
-272 6939
1523 2270
4892 3338
813 5360
5461 1807
2215 5841
3796 2815
2083 6848
2948 5002
5596 1365
4014 6978
3197 1242
1697 5160
4798 6162
2307 5606
4857 1988
1649 3516
1707 7818
5091 4779
5073 4987
2200 3587
3192 1351
5536 6209
5747 2811
1204 3513
4798 2037
9259 1795
3675 4341
3587 4386
3056 5067
4921 4389
3833 7827
5638 5711
5790 11027
5624 7247
3177 3457
5028 5337
3290 4638
430 295
3036 10364
5853 2643
1403 8689
2868 6985
4995 5515
4525 6694
4053 4165
7517 3193
5361 2312
-2720 695
-902 5456
3474 2937
4032 3634
3565 8360
1021 4070
4549 4218
1705 3082
3108 4809
4925 3827
1855 5171
1174 2844
5811 4310
7073 7901
9181 3013
2899 5176
4340 4474
-558 3103
3326 2931
3765 6785
2233 4225
3090 2245
3460 4222
-1095 2457
2457 2487
5480 3009
2884 4673
6695 2783
2700 5114
4983 7547
-3008 6273
6247 508
6131 2869
1173 1799
815 3135
-57 5213
4381 4204
2192 6206
2291 -2454
3654 1857
2037 1198
4446 4176
3932 3361
2491 3926
3392 6251
2902 4331
6606 6246
9239 598
3251 109
2097 -4217
5265 4929
1461 5378
8857 5577
1378 4153
7359 6313
5329 3600
-2474 -1108
3855 3658
2813 4876
4761 6762
4760 800
5800 5829
-853 7552
5098 3853
4835 1226
3070 1353
2069 3852
532 2449
3043 3061
2446 1401
3429 7280
3799 7496
174 5379
3463 2505
2983 7976
6808 7703
5455 12253
1012 9805
2073 6031
2021 3819
1339 -1731
4726 1762
3654 7439
5219 6831
6438 8229
1800 5096
2786 938
2367 4655
3913 7287
1189 3958
4117 4936
3189 3932
-2145 932
4011 6877
-304 10522
4236 3666
4245 6475
5035 3255
1594 5250
3114 2125
-439 9204
4133 6370
3130 3761
7466 7776
9013 495
3166 6073
4165 4087
4238 2456
5216 3581
1403 4463
1886 5759
3739 4295
3356 5042
6301 10574
4500 7116
6466 1918
3515 4085
10208 3138
1339 3882
-552 4937
5483 6638
8271 8178
6037 7424
3960 -180
257 7789
1890 3581
301 3676
4758 8212
3169 -435
5350 1027
2630 -6774
5656 3934
1982 3421
5924 3168
-127 3459
4153 4660
-1430 2900
2666 1435
6005 1872
2235 5159
4845 1447
5572 5774
4668 1893
6866 -1178
8314 5726
8263 2643
4292 6274
2566 6942
2238 8225
5007 3959
3261 5020
1168 7850
3780 4119
3906 5206
1771 3914
2770 3165
125 5730
3417 3085
4098 4978
890 5237
2808 9738
1571 5018
4355 373
4005 4800
4600 5931
1811 5253
4792 4432
1755 1344
889 -251
9268 2243
3829 6165
3937 3317
3390 501
4570 3494
-798 3124
2979 2685
2601 -1364
3703 4500
242 1925
3393 2144
2866 4932
3511 7528
2515 789
1322 12963
6478 3662
1720 2639
3889 5049
4975 4350
2587 10151
6238 5698
993 4702
2634 2381
3340 1268
6650 3812
7072 3790
1486 4126
-624 -548
5432 2898
2446 5436
2517 5412
5068 3863
4343 4651
5134 5698
863 2623
4616 4069
4614 3006
383 5324
9875 2959
2520 5648
2490 3314
6132 3913
5345 1516
5126 4336
-321 3709
6689 3107
3380 5697
4519 4301
2334 5368
2574 5971
9639 7319
4903 3580
4850 477
5023 5761
2872 5323
5860 3484
6592 1354
3917 3231
3597 3889
3321 671
2501 4372
-372 3318
1651 4289
4568 3286
2927 4281
6403 6032
6280 3102
4287 3944
1316 7097
2109 2487
2890 3819
3238 6446
4120 2533
4562 4789
3212 4935
5085 2422
1109 5943
8025 9850
-204 7549
2584 5672
4281 5091
3839 5358
2357 4570
-1099 5538
3670 4610
8706 3371
7418 2725
1459 4219
557 5655
3351 6062
3231 4355
-1896 134
1456 4259
3972 3295
780 2291
3753 5276
4344 1730
7025 4566
2663 2914
4422 5641
-953 6513
3967 4358
2254 7870
1609 5932
3714 4902
1038 6178
719 281
3041 3559
4981 5910
4056 4229
3413 6533
2528 2758
4315 4863
2912 2077
2864 4154
2871 1269
1736 5453
1503 -4792
4243 6378
-2373 5725
8620 2029
6844 7191
4657 1205
2341 3926
3494 2837
2901 2668
8422 2696
2549 3615
4280 5545
4020 5681
1392 6315
2065 5340
-327 5184
368 7034
2919 2806
6473 5838
1579 3108
1941 6176
4298 2569
1671 5328
1813 6575
4411 6499
3647 2485
2698 5225
1604 1240
3347 3232
5913 2206
7113 6309
-176 3441
4189 2113
3462 5443
136 1790
3299 7864
3939 7945
3150 2701
6325 3602
411 5090
3045 1822
1508 4160
6533 594
3578 5580
1639 5456
-159 3908
1526 3941
1715 4509
4721 4539
2849 5201
3772 2397
4447 3003
4574 7254
4162 6390
3178 888
3900 1157
1771 5029
4668 4619
4982 2529
7520 6940
-7336 -984
6265 3884
2527 5025
391 2818
2944 2160
1877 5688
4498 5209
1112 10068
3899 5319
1605 6484
1465 4400
6792 2578
523 4029
2114 2832
2101 4996
3543 935
3623 1992
3477 4266
2827 5174
1448 4240
7180 -1835
4855 6447
5092 8833
3534 4640
3307 2574
5065 4576
4283 4385
2302 3640
3842 5493
3647 5138
3796 412
4391 4540
5511 4671
922 3869
7064 6234
441 6780
4174 781
4165 3289
3768 1075
469 6487
-33 4273
269 7474
3754 7787
5594 4886
2454 4321
3393 6366
1527 5046
7431 4649
7926 4352
1690 4300
6223 2654
2182 3062
229 -402
7518 6569
5857 6990
4941 8116
1628 4929
-1817 3034
6118 3456
2684 3343
7556 5313
3179 3969
4463 7196
7142 7111
-895 3341
4984 7451
2716 3135
2205 5671
4437 1577
4326 2741
9881 4560
5295 4072
4976 4365
2468 5183
2780 3513
1650 3031
6446 4828
3588 5492
1681 4542
3858 2448
2548 3315
1365 5103
3534 4091
5921 4847
1205 4758
5154 4927
8953 8535
2267 5978
2278 4757
1113 4478
1389 7466
630 5732
5593 2569
5761 3280
4986 5080
-58 4447
3411 5078
5536 3587
7278 7194
2459 5773
5587 5493
4278 8100
4024 4525
-485 283
3021 5281
1482 9273
1416 9327
6750 2409
2515 3722
1577 4459
2734 2113
1787 802
4347 5179
5303 4213
1598 584
3487 5249
9285 492
4253 4906
8967 4510
3468 6543
8763 2401
5411 7304
4764 5446
3408 1215
3451 5467
5410 3101
3852 3843
1166 4092
5152 675
2488 7778
3624 5785
6408 614
4632 4319
2659 4660
1617 4108
-580 3029
6491 6937
638 3998
2364 5923
1203 4612
80 2993
-353 7599
3012 5382
6256 1606
3909 4035
5375 5658
1202 3895
1384 8376
4457 4879
4666 6082
5791 3155
290 4658
9414 2594
5290 5814
1375 10279
4719 6029
7074 7326
3459 3806
2752 4777
865 3292
2714 4322
-5847 6554
5444 2790
3884 5200
4613 -205
5930 3422
4701 4164
4287 4911
4623 6161
5322 3537
6128 4045
6164 -1822
600 6298
4801 4569
4006 5256
7329 1048
3589 2633
-1603 3236
1961 5877
4078 2523
2351 1687
3750 2025
-615 6810
585 2618
5063 3816
4995 4228
1771 4787
1182 921
2862 7252
3954 2989
2588 7170
3010 4400
3991 6085
5704 5722
7087 3514
4790 4388
3139 1256
6124 4408
4024 2703
4126 4387
3011 4444
5778 4502
3963 5429
5377 4362
1570 2507
6513 1291
2501 1154
2704 11010
5259 7225
-2625 2418
2572 4150
1274 6719
1578 2659
4493 6147
3728 1602
1099 1218
714 2976
5115 3731
3031 2360
3122 1620
1659 4320
-3163 61
4081 2892
716 3958
876 7697
1654 3163
1607 5378
1499 4472
1152 3125
3062 3255
-1331 3105
4681 3663
3520 2937
5244 6278
3858 5723
3717 2079
3479 3106
4153 -585
4490 8518
4097 4267
-3028 6998
4995 5990
-566 4492
5469 2199
5179 6950
3844 4093
2497 4627
1235 5670
2679 6376
3201 965
1948 8369
-2691 1624
1790 1861
-1582 8714
3209 5629
3805 3548
1714 5208
707 3638
4080 2449
757 6728
2805 61
3294 3947
5303 2629
3979 6995
4591 3278
2225 6145
1397 4635
4013 3974
9170 690
4407 829
2428 1448
4016 3934
2747 5854
3155 8625
2901 8168
4770 437
-1850 7790
430 3348
9067 5727
4743 2002
4999 3830
3714 3075
5422 1744
2681 -2100
4185 2205
4381 3578
5942 5598
4377 6504
1633 3314
2237 1666
328 3467
6052 5236
4498 8263
3781 6807
2911 -198
3601 4874
3014 7329
3719 2505
61 770
4511 3662
5004 2702
8708 5733
4246 1944
3039 4039
5383 4616
4734 9199
3181 2976
5302 2283
2296 5590
2080 2577
2339 5103
1476 3751
-47 10880
5340 9357
4779 3933
2226 5702
1787 3024
129 3898
2504 2127
4264 3220
1837 4759
4400 -750
5867 4216
1654 5243
4104 4454
5731 4427
2002 4558
6673 3318
1421 5566
2101 3221
6202 6072
2666 6411
4624 6625
2829 2418
2062 4776
155 2619
2758 3341
-2640 8647
1980 1634
2882 4909
4972 6346
1757 3028
5363 882
3367 6195
291 9846
4045 5287
4709 5420
3108 4006
352 2865
2840 2924
5821 3158
2260 4779
3100 2507
6212 6363
4226 6681
3536 1745
1222 -730
4868 1864
4602 6204
6806 1869
4001 3651
5319 3813
3590 6474
2840 3578
2838 5107
242 7057
4712 3616
1612 1628
983 6473
2037 8785
5319 3237
3842 4985
1284 -56
2519 5580
-2130 4705
2524 4501
-1148 3647
5963 642
2430 2643
-358 4231
3229 3573
7089 190
482 5293
1208 5635
1898 2550
3570 7433
1592 1897
691 5467
4603 5866
3225 2543
3632 3999
3328 4535
3698 -2014
4828 2214
4331 5894
4867 2978
7308 6429
2126 1291
5993 5452
3836 6460
-145 6212
3160 2776
2946 5555
3371 4474
3611 3623
2202 2330
3786 6601
4220 2248
6790 4766
5664 6759
1500 -1731
3152 4331
1557 1919
2946 3566
1272 5337
7688 4088
4795 3211
-2048 2770
5122 1909
3087 7823
4632 1830
2832 7836
4324 5785
-1417 -497
3248 4896
2127 8191
5538 2284
789 7076
2284 2343
1611 1414
2153 11447
2287 3319
4884 6457
2533 1280
2554 5583
5215 5286
3626 5010
3214 3478
1803 3945
5411 2116
3379 1544
7274 5425
3678 4970
5091 1265
2951 3022
-108 6836
5685 5146
3963 4459
3826 5575
4594 4026
7266 2571
174 7102
4554 2162
3144 1284
4649 1394
5281 3958
5217 6745
2343 8036
5293 5485
3060 4003
341 1629
3885 5818
1335 3569
5599 4489
1473 2644
1778 4090
6523 603
3093 4019
-1116 4492
304 2408
4692 4740
462 3769
3357 6200
5267 3814
6363 4559
5101 4980
4012 7142
3559 7121
1803 509
2220 4437
5814 6132
843 4678
5716 4981
2497 4411
2450 4212
4692 3647
2464 3467
6376 4814
3274 8323
486 8037
5172 5074
3859 1478
2168 5699
6682 5748
2474 5895
2330 5739
4631 5626
744 3324
-2732 8550
6983 3124
3749 6041
2712 1452
-290 -2125
3424 2110
7008 4107
5486 4468
2919 1814
6529 -646
5036 3998
6120 3563
723 2512
1300 4979
6961 3163
2302 2938
1755 8410
2202 5456
4461 7632
124 3433
4042 6996
5219 5358
3035 2554
571 7475
3037 4833
4443 5157
2121 4920
1667 6533
5015 492
5397 6114
616 7944
6208 6826
4598 2747
4016 5301
1443 4595
3759 5921
4384 3899
1168 4490
5508 3266
4734 5383
1780 7233
3240 954
3437 5584
1859 1926
2095 1398
6457 5132
4191 4803
2240 3047
6272 -4257
6850 4728
2531 5180
621 5797
5365 3634
-491 1691
2851 2274
6668 4274
1683 3776
2205 2767
2772 3386
4237 4873
-889 -3277
2886 1666
5637 668
2440 986
2826 5936
5923 4803
1342 4803
1751 3807
770 2538
2282 6551
4832 6252
1828 5628
3333 5661
6264 3738
4070 3763
3799 6154
1246 3627
5252 6518
8535 5112
4016 5536
4352 5865
3956 1917
661 1452
3981 4872
3193 5311
1416 4525
2961 2363
2296 6684
3543 6544
6697 4939
700 3410
2715 5101
7105 1784
5202 3816
2248 3569
5115 5282
1001 5604
2676 87
852 1953
2188 3157
1374 5385
808 4060
5302 5638
4923 1426
3701 -51
2228 2284
5979 2583
6061 7608
-1406 3125
1131 3563
7136 2066
4748 8409
2553 6629
6045 1503
1970 4982
3263 4986
4160 2471
6984 844
4587 5108
2271 -252
4051 5134
2899 4061
4941 3379
3579 3468
5124 4466
3124 6841
3034 5252
4098 3417
2931 4212
5779 5620
2515 5255
3969 5364
3529 -256
5629 2670
6953 6208
4086 2750
3797 4151
2941 3399
6538 4968
2283 2153
1484 2826
-906 3089
7530 3207
1440 3965
4458 4367
5094 3248
-694 5322
4351 5288
844 5232
5224 3474
418 5164
5356 4649
2742 5521
2824 7510
4598 7364
-5132 4177
-156 1521
2436 1812
2500 4914
7668 1789
729 -120
7443 9152
4343 6857
3986 2623
3332 6585
6244 8994
-4137 4502
4823 4043
3895 3892
1928 6624
4487 4994
4874 6631
2239 3110
962 3062
3297 2985
3703 3224
2843 2891
1920 5518
6024 9038
2586 3873
4384 6917
2422 3647
2913 4623
3837 6908
6220 7991
2697 7160
5748 1835
996 2408
2720 4704
4106 2327
4541 5351
2487 3782
6583 4851
2911 5151
2752 4556
3818 7492
5145 4774
2047 5197
7147 6564
-3401 4478
1922 4304
2922 25
5451 5025
8173 2209
4174 -931
6458 8811
9544 6166
2843 3046
710 -283
4414 4826
2070 3397
4690 3530
3797 4425
2635 2535
4871 2250
8628 7150
4477 5642
3723 2322
3174 1423
6111 9001
-1470 9629
2972 2024
-3054 1864
5365 2171
4618 3640
3036 2825
4003 5658
2561 2501
1988 3194
1075 6926
545 5782
1306 3505
4368 -1851
3068 3514
3786 5975
3416 6363
3362 4856
1916 7565
4085 6654
-103 6187
1411 3797
2326 2944
1751 4381
4062 4385
2991 5576
-610 6143
10380 181
2215 1777
5359 1737
-394 3967
2320 2501
-4632 7036
3812 4631
1224 2209
-1617 4401
2921 2297
1992 8068
5873 2415
4794 2056
1962 6426
3178 1749
5019 2709
7318 3022
6116 3825
2783 3734
6353 5057
2745 3202
2287 6020
2796 7537
3465 3202
2484 3701
-1207 6824
1834 1963
-2899 6010
321 2180
2901 6994
8222 5840
304 6330
3357 3008
-300 10573
2756 5462
2943 -303
6804 3301
3077 3542
7996 7963
4452 2818
8144 7748
2616 8135
6116 7126
3677 2910
2713 2328
4027 2581
5756 4712
1909 2106
4389 6936
2752 3052
4289 4736
3420 1592
-1616 4368
3748 3883
5365 2690
2899 3915
1980 5697
5110 4455
2491 6950
4097 3200
80 3627
2064 2744
3975 -475
-30 4586
3397 2127
3763 4280
6913 7743
5166 3501
2755 5701
1216 4318
852 7960
4461 7037
1416 2904
482 4606
3811 5938
3606 2859
3775 4032
7626 5410
2776 6874
5566 4583
4548 3878
2471 7216
4181 5674
6290 3493
1264 1975
-871 2193
5270 -1479
-138 6601
5274 3575
3392 6349
3443 5402
2205 4215
1846 4927
4738 2987
2715 5794
4872 3786
2252 1388
2827 5509
1122 2902
4801 415
5122 5534
6384 4269
4689 6140
4381 4920
2029 672
2860 4535
3005 1843
5523 3567
1176 593
3251 822
4673 4146
5357 3354
4049 5837
5913 3806
4196 6834
1141 3935
3280 4162
5563 2106
3802 -2046
4815 2980
736 6504
3749 4631
5336 5433
-672 6796
6872 4966
1313 4831
2157 3886
4246 3391
2890 3419
4532 7147
4602 2791
-1705 4784
-430 8470
2163 3361
779 3449
1796 2613
2593 1357
702 9570
5745 4012
4172 4905
2771 3586
-773 6246
5259 5972
663 4797
1872 3693
2337 5284
879 7576
3696 3219
5132 3899
2827 2871
6406 7264
8607 4535
195 5236
2488 4051
2699 7896
3766 2784
1860 4283
12147 2776
3884 2100
5739 3122
3641 8114
1157 2548
3433 2402
2854 2470
4132 4369
1592 4319
4199 3967
1323 5760
2046 4336
2554 5349
2090 1436
1707 3539
4350 5269
907 746
5349 4563
6561 7664
5788 4291
6423 7299
4170 5587
1225 3127
4794 4320
5867 3769
3251 4552
2592 4109
2310 4256
1363 -3613
8687 8016
4522 6090
4299 4416
3360 3779
7772 8155
4753 2312
4727 4743
3610 6290
4656 4296
5956 4687
3248 3254
3888 3057
7692 6223
2283 2274
3831 4418
11314 -1374
3715 6137
3770 7153
5132 3203
5476 337
-766 4123
5563 4679
6261 4580
2608 4498
2051 4091
5019 4968
3438 597
3340 3838
10830 4191
5462 4955
2001 4584
4706 1267
-12 6756
-273 12467
7332 8475
3146 2820
5492 3251
5316 7178
4058 3008
826 2106
1897 5574
1788 3087
3757 4236
3647 178
3910 -1223
3288 4111
4185 2621
2458 6000
4193 4053
7004 7425
427 5951
7741 122
1179 2969
6355 5762
-794 3314
296 7605
3397 -649
1413 3871
4769 4845
5553 2388
6194 4758
1740 3857
2208 1426
6165 3697
9710 3641
2523 5273
-210 3115
5992 4333
651 2002
1791 5262
2553 2212
3924 4761
4551 1222
4852 3539
4672 9745
1406 3615
4220 3132
10186 31
4182 5909
951 3170
3785 6821
5631 1416
3525 2470
2526 6202
6410 6694
3580 3403
2418 3786
3673 5369
2455 4488
-286 7715
-92 6520
5363 995
5164 2672
6185 3945
529 7140
6937 7035
1365 2112
3731 4534
1866 4053
6439 3220
3456 8544
4687 3531
2026 -492
2685 5356
3894 4947
328 4962
4475 3931
3427 631
2599 4350
1716 5898
3758 3671
4090 2915
5199 5320
6787 3555
4770 936
3339 1630
3836 1439
4291 2762
3608 778
3022 3571
4656 6003
1945 1507
4339 2535
3427 -887
3055 4495
3116 2854
4857 3829
1589 2770
967 5248
-391 -869
2614 2864
2044 3025
-907 3507
1586 -2991
3030 6522
-188 3626
4140 2459
1745 7781
4577 3226
1552 6989
4818 1260
5081 3300
5768 5326
3823 5162
1158 3561
3559 2106
3516 2064
2258 3630
5885 3931
1906 4782
2633 6299
3473 2819
2297 6072
4105 1972
6417 4628
5757 2772
2908 9409
2281 3192
3353 6758
3755 4961
3385 1705
3378 6779
4736 2909
3465 6626
2759 3234
1369 3758
2532 7486
-896 3590
980 6652
2676 7336
-219 1247
4076 5873
-2007 2443
2127 8026
3785 6617
1759 842
2165 1720
4324 5489
4492 3514
7086 5744
2108 7026
4157 1717
2374 4856
8868 4849
5583 3775
1968 2522
251 3161
2695 3863
2116 8511
4862 6725
3144 1471
5289 5426
-1044 1257
2978 3660
5302 3952
2892 2546
2925 6882
3885 3944
4727 2966
2819 3306
4300 4647
4229 2605
9205 2755
-612 3946
2442 5078
1083 3440
-2189 5390
2564 6474
1875 4056
1989 4057
3025 3656
5546 3475
8229 6112
2466 4228
4904 8114
580 6326
6175 3889
6005 5779
4139 7988
4525 3671
8985 5244
522 4985
6006 300
2924 5522
4993 3514
4950 5488
-2761 5614
2914 4411
2195 4842
4766 1565
4912 5341
2635 4475
6519 2840
3298 6256
4950 3910
4538 7514
5694 2325
1868 4095
3070 7727
7434 -1993
4541 1872
225 3935
343 5813
1929 5207
2747 4053
3666 3751
-347 7692
990 7241
5158 3105
1405 6852
1267 3713
2669 2968
1571 6270
3345 4681
4114 2903
8739 6289
4450 3263
3402 5161
1177 7333
-1241 3887
4854 3663
3108 1895
3409 9250
78 1022
5472 4335
1126 5753
1367 7732
298 5499
1294 7657
6343 7535
935 2951
5235 4966
7290 8536
-1750 3498
4381 5173
1147 3978
2843 4878
4820 6497
4381 5846
3640 4379
4102 1859
4193 5744
6161 4297
4022 5607
3707 4939
1408 6935
3771 607
1398 5616
3535 529
1650 3483
2457 3228
3090 -719
3976 4333
3494 1833
1837 4881
2784 7047
4021 5510
-370 1002
4616 2292
3459 7491
2798 5251
6358 1531
799 2819
4672 2356
228 4546
5587 5197
3070 5809
857 5082
4644 3166
2487 2177
1759 3430
4874 7769
1324 519
2677 5651
4219 8918
2921 4033
5778 3870
2673 3546
4573 4133
4619 4070
1764 6341
2084 4038
2066 3341
1680 5148
3496 7250
842 3614
5333 6415
3014 10004
5218 6346
1631 5015
6001 1297
2658 8654
1707 5172
4316 2512
3911 2982
1647 5951
3992 9183
1647 2838
2755 6046
3759 5039
287 10031
147 5109
2871 2917
5002 6015
3894 5428
2351 157
4251 1650
5295 1257
2984 5512
3294 -3495
7937 1103
1600 -99
4142 2769
5905 6298
6615 7700
2622 4709
3475 6787
1935 765
2031 9707
5722 1222
4188 1685
4581 1667
1440 691
2532 5100
3651 4782
2164 4473
-2571 4076
5826 3709
3621 3906
2083 2406
1272 4555
2523 5960
398 7474
46 2107
3934 6451
4424 4329
2396 4065
3081 3878
3630 5439
2336 5867
4211 7414
5382 3886
6649 5801
1268 4558
5479 7308
2243 6799
-900 7622
4789 4713
7181 1532
6556 3741
2509 5352
3297 2993
349 2356
1757 3604
5396 6674
242 2308
5945 3485
281 5090
4429 2941
3521 6542
3147 4574
-883 7403
2466 3207
3965 2168
3563 869
2887 1122
2886 4932
2849 5388
147 4226
2018 4810
6092 6710
4667 3192
2922 7972
7036 2086
2919 2709
6601 -775
3822 5104
3071 2635
1448 3573
2192 6961
1150 3407
3308 5001
6847 -2874
3309 -702
1479 3862
-272 -398
3236 333
7512 800
3440 955
3841 3119
-900 -944
274 6403
1916 3931
-4117 7098
5463 3253
657 3475
2964 5498
2237 1068
2420 2844
1045 3931
1587 3624
3529 5777
2251 4135
2673 3002
5364 2719
2927 8432
-718 1705
6278 2352
950 4240
3521 3678
5356 3357
-273 2759
5902 2798
1981 2207
728 6770
7609 5091
4158 2540
3996 4150
882 4666
-1542 2184
752 4658
3721 879
1788 2482
2121 3143
5449 6628
5868 2121
3425 4330
6363 6611
-277 1584
817 3823
-828 5531
2985 5517
5287 5951
955 3961
7786 1463
1119 4514
5040 6572
6438 4499
6936 5938
3502 4986
6218 3052
2309 2506
4404 3945
3523 3178
4840 2224
1014 4427
4250 2413
2551 7571
2149 5987
6770 1166
4452 1070
3951 1060
8686 7585
4385 3480
6055 5938
2825 6142
4090 5235
1542 6439
3316 2311
3248 1882
-113 2564
-215 -1500
6538 3553
4566 3550
519 6842
6549 6020
4924 3988
2130 8379
9670 1960
-672 3700
6119 1937
8012 2261
5464 3329
5411 7921
2934 3607
3722 1672
1766 7607
1129 6650
3890 4213
5347 1093
2351 5659
3989 2460
4851 9147
3909 4682
2750 2132
4430 2973
2210 235
5236 3492
1792 5415
4095 7622
7963 4150
2114 3175
538 7167
4191 5508
3061 7190
3317 5177
3392 3581
3900 4996
5039 7300
2966 4359
225 5073
1414 6707
3678 7663
2687 3094
3799 5406
4906 4317
1782 3354
5220 5058
1219 3154
3015 1910
5085 7308
3298 6098
1442 4442
1414 5088
6390 5935
15 2256
3934 2994
5060 5311
4533 5650
-507 3549
3475 3305
5811 3900
2876 6572
1249 3291
2494 4773
2746 5730
4108 4242
4945 8316
2732 4002
2272 5845
1921 934
5068 2375
1830 3033
3823 4114
2980 2829
5116 6715
3811 4699
965 2754
6174 6790
6378 6338
1794 6492
2991 6013
-4 5219
3587 5383
5766 5081
3381 5505
-1238 7047
3805 8289
3096 5289
5310 5198
1222 701
3757 3338
3125 2665
3603 3858
960 4965
-1823 11624
4994 696
2739 3821
2949 2959
2451 7155
4521 6439
4123 7863
2066 7441
586 4200
2016 2345
2786 9231
8886 5591
5181 3695
5922 3562
7127 3452
4005 3949
1846 730
4174 3254
8660 1307
5042 5130
3488 6803
8706 32
1905 8848
5915 3823
-4136 7896
-279 5860
2260 7381
3504 5253
5241 5560
3778 5697
4138 4209
2158 3897
4431 6354
-280 4890
1817 5690
2247 5605
3324 3989
4156 5081
134 6634
3322 6175
618 5394
5500 4211
4947 2279
1366 3633
1241 6306
2902 5986
3365 2248
3161 1794
2565 6199
220 5068
3328 3312
1657 3418
3826 4771
5342 2996
3922 4472
2566 3879
1532 6327
1621 2356
3510 3576
5850 -383
-208 8250
3576 5776
-1087 4110
7174 289
2587 5696
4605 3543
4475 5607
1926 3014
6456 4451
-92 2678
3978 5082
1242 2481
537 6094
5443 2320
-3208 3397
3518 2648
508 1914
4042 4560
1762 -1227
6878 4306
2266 2953
3585 3501
2924 3332
2353 7618
4409 5866
1080 7574
2283 -732
-840 6342
3439 3593
2982 5526
648 6074
711 923
2895 3831
-93 2251
4032 6875
-705 5655
4764 6761
-162 2325
-4249 1004
5442 1194
691 6513
3736 3740
6097 6983
2692 4082
1886 4549
6942 3725
2506 4706
380 2874
57 3098
4788 3592
710 4477
5713 3236
2121 5094
4511 5508
3786 3593
3766 3800
4887 4233
4512 7112
2633 1698
2737 5398
5212 5123
2108 3994
3505 6222
1976 5555
617 2994
5781 3534
4195 6175
3718 4137
2328 5948
4499 4794
2276 4641
4325 2851
4896 6864
4438 1687
5530 9034
6730 7576
5135 6317
3695 4797
2377 3173
6048 300
3476 2594
5439 5977
2317 5558
6715 9392
6325 5616
3445 5185
6115 1833
3817 6194
4361 5938
638 4321
860 2511
6475 2159
3666 4714
5012 7893
4275 3919
6200 4222
8802 1667
6184 5381
5906 4415
3252 7889
2085 1517
2558 5806
4616 5642
5737 5371
8116 12590
5179 3306
5788 3555
3059 2480
6016 2286
-498 9666
3953 1673
3593 1997
7534 4969
4977 3434
2198 7166
1611 4299
4485 3433
1712 9129
6095 8310
3690 3285
2607 1505
3497 1373
1792 5077
7061 -201
8081 5288
2630 5689
2526 3472
4854 3161
3385 6131
2309 5473
4110 4909
-920 -1696
3790 6127
3530 4571
3787 1956
3488 3816
2679 663
-208 111
561 2744
5798 2962
3386 3488
2296 4881
11166 8366
718 8441
5017 2719
4394 5633
3046 2056
2635 2347
2064 3995
4219 5718
4817 5395
6229 5904
3266 3689
5482 4822
-219 4323
6096 1653
9031 2348
6355 2868
5106 4920
5141 3861
1513 5477
4310 2425
-1098 9819
2941 4563
5128 1900
5488 2205
5796 3466
4797 4620
4927 5141
-393 4744
2318 3245
2942 8012
3112 5677
9462 5905
4123 1355
4805 2940
696 4082
3960 4554
2165 3150
2715 11678
5053 -766
5545 3760
2204 4944
1498 3543
5764 5597
-296 5719
3448 7566
4596 1507
4820 3786
3589 12018
6336 630
4722 3720
4379 5754
2691 4401
3743 1527
3480 3185
834 5180
-1398 1071
2866 4462
66 4867
2510 3277
2761 1209
823 3318
6035 12174
9648 5853
7261 2637
3205 6177
1953 4930
1025 304
-1025 1034
2492 3955
3020 6758
4005 5618
2949 7594
2842 3304
5564 4504
7350 3108
4723 2938
5674 2908
1624 4867
3294 6465
5680 4586
5760 3721
2778 4370
2291 2171
1865 5022
1742 4757
3108 4295
1870 4463
11519 5114
-589 2678
4705 3743
2774 4482
3393 6696
3051 3602
4118 6928
2197 4002
8275 8583
2381 5319
2806 1148
2873 5716
3459 1165
4431 4872
4625 7286
616 1718
1913 5254
5069 6762
128 4480
292 5693
246 -96
4784 2680
2221 5037
2502 1702
4729 2286
-3204 6003
1909 2488
5255 4384
-1773 5970
-1192 6921
3858 3180
2547 6687
2853 2495
5563 11914
4216 4013
1656 8690
4996 5718
5092 -431
4863 5250
4347 -318
-9 5615
3539 6094
6758 2396
7396 3725
-2761 2972
4332 3374
6843 5629
4021 5657
3365 5779
2026 4460
7039 4236
5299 6278
3157 4622
8754 4665
1519 1146
2984 3572
3210 3813
1816 6088
7580 8808
4315 547
2040 6425
5245 5919
3987 5174
3361 4858
2857 7932
2755 1763
6269 3442
2508 4221
3792 5442
4327 4328
5475 3566
-2188 8428
3460 4117
7039 7152
2151 6301
3319 3237
6749 5356
4973 6659
2227 2801
4438 2878
1759 4725
3822 1083
767 5069
3710 3299
2681 6319
1696 3159
2555 2957
2620 3349
3683 6377
3218 5052
5474 966
4810 9026
8125 1791
5158 4582
-2922 1331
-1234 1032
3241 4730
2223 1327
2571 1657
9170 830
3366 2832
-3646 -5097
7390 6978
287 3185
3980 2011
4105 3298
-873 3723
-881 702
2242 6813
4144 6072
555 3126
6466 5621
3855 4241
3096 1749
1929 6234
1263 3354
3881 5973
4559 9625
2527 4812
3219 3589
2688 6136
2117 2843
2629 4598
5429 6539
2517 1797
3895 5072
6021 4825
3225 5402
3465 5399
4118 1691
9837 7395
211 7513
2799 5506
2238 3894
4921 4613
4183 4634
1865 5269
3897 4803
7952 4364
5374 1998
1237 6069
3475 3902
4501 3414
4007 6051
3338 -1381
4411 4314
7972 7167
5147 3849
1039 2239
4895 4354
8679 6027
5968 3028
2244 4511
3204 4273
6338 2175
4738 3728
9256 -100
4776 3826
4554 4872
2535 3996
4537 2396
7471 3709
4651 3373
1540 5222
5849 2537
2153 3153
13 7853
2089 4365
4146 1647
1943 7167
3569 3282
6256 7789
3963 3991
6311 5058
6871 7287
3008 4571
1901 7608
3836 3481
8736 7325
4354 4735
5720 3981
4634 2966
4318 3941
2927 918
2459 3990
1880 3608
6830 5207
1681 3150
3617 5207
5312 4162
5830 6294
4351 3442
981 4185
8036 -292
358 3368
-2276 4496
2049 2532
3268 5228
3955 8036
5068 5377
2430 4950
5309 4950
3927 4165
6525 7242
-585 4353
4917 1418
6473 2475
4742 4782
6301 3352
3529 1702
2484 2221
2664 2840
3562 5823
4133 4485
8345 1980
-1456 3597
2656 4258
4924 9174
5953 1928
713 2663
3295 4931
2658 2934
-3566 8601
1214 1147
7694 3989
3986 6439
-4207 7835
4860 4016
2113 6634
2172 2813
4477 5480
2190 6083
659 4649
3850 4123
3864 5634
-852 1723
-136 4745
2915 5224
3815 4017
3682 2900
7340 1179
773 -3196
493 6181
-1804 4924
1440 2172
-1503 -297
1490 2686
3675 6066
1826 6529
1815 3123
3136 6749
1866 4784
5301 3424
5825 3544
2128 5773
1645 -1046
5499 5883
6854 2786
4579 5016
3207 5525
4382 4119
4598 6657
2340 2365
276 6923
4830 2039
8797 7042
4097 4878
2263 3704
-84 2048
4564 1034
3051 8931
4341 4650
4223 3581
996 2600
-2394 8408
7177 1341
-2188 3672
897 3410
360 4504
3702 3625
-528 11306
3470 3364
2051 6358
4222 5330
3049 7146
6978 8096
2478 2818
2366 2519
2039 5703
5586 4590
4468 8727
2903 3537
4994 6294
3039 5001
836 7434
936 4376
7494 4260
3820 4752
5086 4965
3436 3660
8783 4034
2014 4466
4599 8298
3440 -847
885 5394
773 4798
-385 8667
2947 8536
3624 5127
5314 4796
4562 4721
4812 4799
6147 4274
5152 2373
4851 2089
894 593
5069 1920
2931 3264
8129 7596
3044 7773
4067 4689
4431 5061
4012 2769
4377 4251
4918 4376
4505 1236
4526 3514
4619 4215
5005 6144
4404 6403
4263 6545
2840 8405
5328 6933
2994 83
4652 3509
6339 -921
3466 -1130
1836 -259
9246 6730
4363 6092
472 4365
7854 2872
7304 2117
3625 4824
3410 1835
1625 2837
47 2734
3429 7941
2860 3892
5858 6169
3020 6388
1770 5093
3087 3165
5768 1021
3513 5196
1149 4562
4950 4069
4431 4288
3950 3524
2817 2978
8059 4875
6104 -3644
6893 4472
4022 6045
4805 4926
4694 4960
3074 2699
4777 3326
3451 3048
429 5000
5214 6737
3932 2636
5492 5485
2238 3768
3657 3599
4775 5064
2233 5293
3992 5982
6024 3547
3664 3240
4726 3355
1411 7735
6577 574
1295 1727
3874 3922
4319 5587
1552 5141
4369 946
929 7559
3508 3861
6463 6003
8654 1842
2195 5214
3822 3100
6016 -134
3684 4486
5638 4301
4560 4286
1835 6140
3099 4865
3335 3291
4301 5147
2113 2261
4444 2300
5951 2072
6973 1394
-589 2932
5143 3011
4765 451
2771 3281
3065 5658
4504 6105
4334 1780
4940 2977
2135 7178
-497 3699
-1237 11377
3835 16
3442 5181
5733 4876
4975 3474
3310 3544
5614 1780
2197 7358
5660 6651
3863 5930
6137 5799
1026 2291
5157 4808
473 3753
1443 3541
5675 -2451
5619 3393
5045 -2667
2420 5483
6162 5742
852 4388
2571 4107
3780 4340
1000 -251
2409 1668
6797 5310
3346 6325
-2872 12926
-107 3765
4752 5394
2965 4603
-779 7708
6785 3418
3797 5357
4872 5418
7082 5495
111 3497
-432 7102
2170 4657
8760 8257
4240 5299
3230 1073
4778 5629
6622 5158
2178 5006
4366 4512
6750 2438
6659 3814
5289 -87
1653 8512
3312 5670
2261 5897
4007 2870
2192 5043
3554 2671
5399 3323
685 3499
5303 3651
-598 4947
2616 4003
2639 6753
2535 7332
2488 9036
1741 1782
2258 2566
3164 9379
2045 6517
4100 5662
3623 2026
-1078 5501
7123 4611
4959 47
2460 6348
4064 5603
6383 4704
5385 7248
4868 4994
4067 4481
6169 4083
714 3176
4429 2621
2551 3989
4213 -1763
4487 3622
6925 7089
5499 4350
1121 5087
4126 5466
2297 3312
251 6171
145 2715
4556 10158
6443 5107
6536 4435
1394 1079
2591 7644
-1752 6471
3981 5018
3063 7436
4414 5510
2693 5585
5013 3488
4667 4417
5496 3459
6899 4584
7091 5423
4903 6198
-49 3374
4078 4383
4655 1815
3332 250
9577 7751
1625 1937
4726 3603
4512 4912
959 6900
795 9695
612 5158
4739 1433
6528 4349
4388 3813
3002 5112
827 2679
4345 338
7165 -560
4951 5208
6006 5311
2310 3909
5000 248
6244 4532
3528 2358
-2439 8321
2107 7908
2521 4483
3420 2033
2724 1213
4107 6469
6174 3064
3252 8928
1796 2417
6371 1275
3051 5525
3122 3044
5859 4822
3331 3709
2324 2117
169 2458
2995 9232
3806 659
3662 3663
-62 4328
3454 8760
1280 3950
8936 3478
1889 4501
4204 3567
-222 4414
3187 2092
2855 8596
6121 6946
1729 3813
3878 4445
3211 136
10069 3017
-941 6398
5116 5659
2357 3457
2104 4438
6197 5085
2876 4524
2929 2895
3045 3658
852 5558
4463 1946
1873 5845
2578 4997
1595 3558
5011 3664
8613 2802
5503 3797
3870 5006
1873 4223
1593 4824
2756 5105
2918 1551
3556 1803
251 2088
4144 2068
3299 6748
3853 5335
1250 4204
4174 4714
745 7208
4224 5672
4629 7368
4116 3170
4686 2447
2124 5791
2283 7715
4470 3959
4096 3811
3405 3198
2738 4981
1023 5777
6272 1000
3019 7048
4435 1748
2429 7998
4359 5191
2198 5250
4223 4063
3203 4603
2509 4066
-658 2648
3587 6406
1727 1626
-21 2515
4148 6975
2877 3313
2567 5424
2491 1781
1829 1397
5425 2751
3786 2522
8730 1077
5561 5623
5184 1657
4132 5766
2435 3453
6407 3266
3597 3324
6524 8182
600 2697
4001 5566
6142 4951
3692 494
805 7320
1609 6110
3707 4727
4873 6076
-1009 3042
4829 6405
5154 1263
3902 5202
5095 6515
4179 4932
1559 3457
888 4374
4334 3486
5031 5037
3065 3641
597 3659
3142 3230
3493 3246
1923 4195
1187 4718
944 2633
3793 -2632
2053 4346
3714 6470
5145 3834
5637 7047
256 7694
1622 -742
1665 289
704 4702
3368 5852
3383 2728
4118 4567
3063 5083
5490 5688
4068 3363
3432 4466
6593 3014
4290 3970
4507 2764
2504 4963
6367 -3784
5811 -1279
2081 3982
3628 3111
4951 6601
2177 3979
1651 4484
3906 5402
2420 7093
2711 2079
4236 4801
5128 4211
5704 3126
2686 6088
3163 -1546
2655 4131
1739 2984
1728 5777
4415 4019
9217 4640
2325 4278
741 2327
4959 6033
5270 6765
1616 6189
5448 3642
1285 3547
3923 -389
2172 4639
1893 4726
2175 3977
1475 2397
4841 4357
6390 5163
4608 4108
211 7377
3614 2260
5271 2255
6271 3809
3515 6724
4611 4091
4707 4123
2150 4681
2722 5433
724 3548
3155 902
4268 5007
4451 1503
3149 5948
2985 3713
3686 5653
2387 3352
1120 5579
4109 -1580
-948 2854
2519 1864
3239 5574
6530 3982
2822 5030
4917 5974
1755 3953
5997 4217
3269 4115
1186 2345
3744 5971
553 5574
3046 7176
3326 6236
4393 1217
2357 4222
639 3604
3559 7454
1001 2069
2055 6947
5584 3044
2368 5259
1082 3731
2373 2728
2930 2843
5478 3465
-229 5276
1246 3826
2897 5466
5311 3528
6963 -228
4628 1415
4238 2294
268 8839
1159 4167
2763 5523
5864 6474
1958 5908
1835 5342
911 5122
-1671 5739
5205 1607
148 2476
3582 4824
5250 3945
3212 4561
-74 4691
2458 6973
4652 3179
4319 8113
2680 6432
-1070 3673
4081 4432
4056 4733
2624 5526
3515 5939
3445 2252
3874 1786
731 4675
2289 6305
3008 5130
3507 9994
6282 4519
2372 5057
7707 6099
-1207 3455
-3714 276
2227 8410
2358 2473
2206 5254
-636 3509
1295 4341
69 5187
2567 3951
2088 3758
1112 5915
1188 7726
5521 -2863
-368 4623
5496 1711
-44 4022
2518 5568
3778 2790
6980 3973
3629 620
5355 717
4115 2725
3216 12260
4648 1003
3275 2984
4705 9286
2732 4018
4015 5786
10026 2121
1929 6603
3253 5116
3546 4727
3450 3079
3831 1772
4340 7351
8052 3798
2151 1842
5565 7263
1344 2247
5449 3863
7012 3760
3588 4821
748 5127
1750 3110
-823 3931
423 5099
4238 2363
2398 6207
-3287 2751
3239 3261
3171 7060
6063 3459
-1779 -1590
2239 885
3639 4624
4504 3217
6033 2844
1605 5740
10763 3405
2510 5334
1935 6323
6388 4993
2125 2108
3034 4290
-201 5203
2792 5604
363 -3710
1307 5200
2312 4639
3584 4231
3049 5821
478 6166
959 6447
2743 2516
-1309 6879
1509 6798
5015 5013
2806 6146
4673 1985
4259 6542
4719 4571
3780 2471
-718 7806
1702 -993
2536 4348
1011 4632
3351 5626
4003 6490
4548 10390
3250 2867
4084 1968
2517 7401
2406 7262
3887 6725
3573 6724
3524 3032
1837 935
23 4563
682 5375
5615 2330
3939 2638
2122 6276
2156 1630
1083 2585
3359 5691
2613 4573
3150 5059
3468 6023
3870 4780
1081 4846
770 3873
3271 3437
-1012 2694
1782 5682
6594 1915
4065 5413
5306 4349
270 1326
3129 5784
-1 3442
4216 4247
2800 4652
3028 5009
3642 4804
512 5358
375 4858
3823 4601
7954 6047
3424 3189
2777 4594
-2751 4923
9198 -674
255 5137
406 2699
3114 2972
1940 3776
1974 7958
1643 7630
3022 8825
7343 7384
3863 4093
1397 5503
6231 1139
7838 4872
4910 11931
4923 3343
2040 17119
6531 2607
6051 1684
675 9226
8994 2952
6373 4618
5379 1321
2103 -682
2683 5056
5155 6785
5359 4888
1289 5876
1374 4949
3102 4228
1016 2520
1387 4965
5077 3294
5371 3599
1251 5859
4600 2074
8147 2680
6701 3756
3984 4975
-142 2989
2077 6014
2231 3452
3473 4876
3163 3784
913 6852
1357 4492
2656 4545
5560 1968
956 7268
3508 5448
6361 8792
5619 4936
1458 2710
472 4150
4497 5002
4958 839
1554 2994
2548 4212
3764 4220
5005 4158
4284 2259
5164 7031
4171 2245
5009 3458
5259 2534
4136 1354
5129 3215
5355 4974
1726 3749
1908 5594
3860 2163
477 552
4161 5932
6835 4596
9470 4975
2967 4785
2563 4966
4742 5525
3223 2395
4381 3040
5533 7324
5306 5839
2150 7508
6904 3393
3228 2576
5372 5059
4650 4773
6310 2906
4074 2580
2642 2613
5168 3311
5290 -512
1145 8068
4891 3931
5122 5660
5622 7687
3985 3746
7693 7954
5197 3562
820 5706
38 7159
6782 6521
71 3242
7059 3766
2803 7783
3013 1028
3922 3465
2242 3911
3372 3167
1827 3960
3373 3005
205 7778
3873 4076
2253 4275
2289 4440
6741 3533
1674 4559
4140 3300
5978 -4478
3224 6278
3456 5057
2619 3276
2478 4989
4798 3812
3349 458
5373 3057
4611 1782
3945 5951
-440 1175
7084 3934
4564 8109
7567 7020
6165 4748
6255 10229
1844 7078
4880 5700
2386 2858
2547 3206
1967 5229
1811 5750
838 7343
2461 732
4026 4721
3888 2111
5130 3064
2565 7464
-2589 6028
3284 2120
1007 5917
39 2061
2639 2325
2460 6221
2774 4205
3081 2711
1966 3862
-838 6818
4732 3788
4794 3995
2603 2946
4772 2889
5334 7315
1475 3525
2962 8092
4381 503
3876 1039
3873 6808
7253 4608
4804 7935
-898 10139
4547 4269
2565 333
974 4167
1190 4156
5584 4200
3112 4343
3512 7021
1397 3953
3189 8878
4461 5727
1129 7274
4055 3888
2700 4446
5874 4437
2956 4140
-228 2619
-1003 8630
4361 860
3180 4198
-650 4371
3136 3766
5794 -2045
-494 853
3408 3253
2749 3578
1641 3215
5841 3980
3881 5628
1819 3307
1939 7491
1705 4979
-58 -1784
3694 5265
2703 3745
2314 2623
3662 2485
3199 5410
3904 4234
968 6593
4867 3970
3099 6381
1200 2250
4883 2304
3788 5316
1966 3764
3294 2566
2139 6108
5264 2938
4180 4306
8600 1306
3453 7368
875 3100
5009 3621
3733 2586
3248 5516
5723 4376
1040 4446
2820 3052
6329 2893
6142 7117
5473 2319
-1025 3982
3042 3325
5005 4678
5074 3558
91 4778
2883 4901
3196 3892
3361 5335
7448 3078
3066 3580
2897 2970
305 1968
3977 2753
9232 8561
1887 4568
2496 2995
529 3940
4239 5161
3154 1686
29 4728
4531 7083
3047 2617
3913 3664
7642 855
4807 6098
1531 6260
-1583 8617
3595 2235
4034 3648
3920 5118
863 3933
3907 -1183
5590 2147
9003 5872
4120 5779
5630 8328
2776 4982
4248 3816
5474 3058
3628 6073
3723 5468
1268 8817
4366 1794
1902 3630
146 6009
4617 3786
3858 5689
2248 1989
5872 10014
3033 3333
1969 3861
2143 2730
4267 8005
2916 483
-1130 3993
2383 7786
3237 5790
2535 2928
4252 5906
1213 4027
7865 2648
1440 3596
3634 6509
3839 6050
3399 2276
5299 4110
2538 5612
7825 852
473 5035
1996 3805
3721 3787
3111 5257
3167 2549
2684 4529
2054 4166
2362 4242
2522 431
4005 5807
6295 4799
3574 5903
2260 5547
4681 4623
-3678 4928
5370 2575
10854 4408
6407 5697
2828 2567
3452 9351
5052 4275
3816 1121
1696 1076
4609 4870
2721 5479
8772 43
1780 6620
5311 -2945
5160 9599
5104 1640
3201 6843
2998 2670
3290 2898
3464 6268
1280 4910
4970 1792
2351 4690
2646 6357
-1779 -6141
2612 1945
6528 3658
2783 5515
5877 6967
2790 1182
4901 3404
3679 4288
4766 5768
5577 2853
1801 3249
1758 5938
827 2035
4779 3923
2965 4760
3449 3422
3206 3289
4394 381
6372 6594
2832 6421
7121 1552
1441 5367
6076 3549
4787 2849
2487 4214
2622 6002
2781 -3936
2493 2655
4520 4042
733 4732
2010 4736
6748 2466
-110 5709
3664 3981
4618 715
6878 1112
5355 1665
6419 2249
5829 4564
4126 5780
3521 5729
5243 3439
1523 4019
-1205 8682
3496 5756
5775 5270
626 4080
4296 5291
1911 3082
2905 4761
1848 7611
3252 -5484
3169 4663
873 5705
4696 5928
2686 6468
2962 8207
5822 5433
2871 4871
5357 1630
6938 5293
1228 5339
3368 971
2463 6378
3359 3183
5657 1948
6162 6271
4070 4714
5304 5557
1625 3874
6202 3055
3350 5556
4095 9635
3371 5535
5940 3273
1700 4972
4154 6873
5859 10523
1290 4849
4724 4168
1384 3451
446 9063
4792 4967
775 5374
4231 3318
5261 5677
5171 3963
6307 6000
2681 6623
2082 1098
4313 3956
2723 3894
8086 1017
8492 4452
5069 4406
4407 5421
2263 1994
1671 3173
3688 12067
4422 5803
1993 3320
1169 2944
682 1576
3851 3632
1031 2990
5732 -612
3595 1328
317 1568
-322 7262
5120 2493
4348 5137
5801 477
5639 5532
4460 1621
2325 6113
3478 5658
5480 4239
3554 5350
2417 1329
5103 6865
2708 5766
2532 6819
3573 4895
2648 5404
4071 2117
3513 5969
2533 3632
5014 7640
7719 5668
2669 3890
-326 5641
4274 3024
741 3201
3992 4344
1607 3656
-888 5087
2755 7217
5953 5304
1641 5777
3629 3737
4805 8728
3724 5994
942 4769
4346 2656
2876 18
-396 5340
-1473 5021
3159 4586
2303 4262
3222 1187
3938 1125
-1115 4087
-765 7194
1289 5742
1720 5311
2697 1101
3853 5927
3735 3592
1325 4830
5440 2050
4174 3712
1288 3532
2793 2424
3529 616
3452 2316
1871 8708
3077 5111
4046 5585
5425 4511
5402 7455
-4092 3876
5870 5354
6933 7837
2652 3932
1805 2706
4211 7031
2761 5015
3529 6934
5608 4975
1528 5149
4052 3424
1926 6242
5719 7736
3611 3597
4494 5847
2479 5967
1416 3629
3810 2137
-50 9532
5294 3026
8659 5370
2268 2957
3829 4347
3200 3266
6406 686
1706 3907
1970 2630
4046 1815
5246 4121
4418 1821
5935 6053
1012 3188
4455 4463
1564 3018
4200 7972
4784 2310
9708 9725
261 3872
3725 4932
2995 7258
7171 3036
3469 5005
3798 1319
4204 6047
1435 5154
3201 5560
5517 6368
3331 5736
-2727 2057
1747 4256
9434 3794
4163 6743
4540 3223
2243 3813
1409 1764
3656 2137
539 6801
917 2664
4466 3631
1550 5483
4235 8155
758 3501
6551 4249
4341 2825
1883 3277
3628 6629
5429 3100
1766 4545
2981 3919
4114 5268
7577 6173
1727 875
2299 5903
5412 5119
5041 1127
5253 865
4388 2204
5542 7964
2941 3586
6242 -3278
828 5378
1913 4512
4498 1258
3152 4282
6911 4726
1553 3386
1006 1063
2523 7884
-1018 5717
542 2935
589 2557
4304 2895
3840 6150
-145 2225
3441 5693
4234 8545
1812 410
10275 5965
4006 6030
2486 4404
2310 2046
6079 6018
1328 2386
5916 4511
3526 3939
2720 3670
679 3870
1743 7775
2108 5201
5330 1655
3846 6738
-97 7070
-3697 7807
4165 4644
3217 6169
7089 6971
354 5117
473 1064
5807 10072
2616 4144
3157 4023
6137 7843
4192 2685
3208 5701
6714 7194
4507 1652
4931 3260
3220 -583
4971 2575
770 5757
3485 5845
3717 1472
2486 2893
3705 5258
3933 376
4610 5247
2199 4351
4166 152
1707 1056
2984 4822
4036 5253
4175 3877
3639 2343
5089 6869
3739 4635
5078 1461
1378 3038
5986 3055
4453 4596
2549 6473
4121 6812
1284 5465
1936 1713
3620 4919
855 7535
2594 3716
5219 3682
2864 6165
1881 2040
5392 6118
2348 2563
4936 4148
8928 3364
172 6709
4063 2382
4187 6182
2696 3981
1120 6007
4220 3606
6776 7427
869 6886
710 4590
1827 3849
5976 5970
3411 5367
4076 5130
4268 2256
4501 6075
3804 4381
4696 6132
49 6229
5335 4333
5155 5849
1159 2651
2979 1501
6574 10357
2008 3838
5309 8528
7521 7240
5079 5264
-787 4122
5910 3228
5334 6103
4019 3066
1704 6357
1429 3570
1610 3894
690 3107
3373 3967
3207 4855
4433 9929
3283 4606
3837 1990
3432 3902
6076 2473
4804 2207
1776 5480
4112 6319
3119 1385
5320 2772
2680 1983
8219 3254
3814 3650
4630 5049
4393 4512
1583 6081
845 9023
2543 3181
3000 7354
4937 2810
1532 6826
2311 5781
4729 5236
9109 3121
4017 6862
8977 3563
3023 881
4487 3479
6957 3066
7532 5855
2191 3592
1825 6956
1289 3779
3176 3819
-1004 3618
2441 5593
-1271 -1000
4221 5461
3629 6565
2488 321
4632 4368
2403 4010
6058 1352
2845 6195
4507 5445
1731 5532
10503 1858
5196 357
4682 4390
6244 7709
2616 13960
2887 4459
3028 3960
5316 4354
1199 338
1739 4057
5431 8877
2632 4108
3321 3985
7144 3295
-1225 6176
7522 5474
3184 5009
-1240 5008
1530 2887
1715 1463
5277 4661
3602 1520
8566 4387
2821 5266
4505 614
8102 6628
2412 3155
5419 3241
970 9253
1929 3186
3949 5140
-550 5480
5220 5804
4603 1872
4737 -1220
7174 5117
5837 5697
4375 5365
2373 4216
3158 4503
1084 6860
4354 2643
2784 5139
2553 3905
1315 2778
8828 2128
6563 1575
2434 5839
2997 6140
2395 3244
2006 277
176 4556
5121 2408
409 7529
2887 5222
2646 4263
1600 3897
4363 3427
942 4945
2905 5950
5138 1506
4452 4720
4209 5225
3610 4805
4368 6436
5806 7065
699 7807
2231 6648
3469 3794
1367 4130
4572 4434
5154 5144
3982 4611
6365 4308
3296 6041
1029 3018
6833 7621
-415 5443
2368 8470
1950 3714
4380 5341
4038 3579
4231 4462
5442 4103
1362 -854
-3808 3905
3868 6905
4241 5960
5376 3294
767 8660
5101 5848
1658 4297
253 2804
5127 7196
8110 6384
1309 5378
21 3773
2943 3458
5781 2701
-230 2664
3224 558
4865 2824
1129 3309
364 4672
2187 3977
4630 3903
4908 1105
4971 2732
4257 6592
421 3441
4069 3287
5890 6206
-1275 10696
3683 6187
5060 3583
2997 5680
4978 7154
3440 3336
1958 -112
1164 -323
4695 4227
2390 3754
3363 3532
10035 5202
4690 11608
3383 5487
2545 144
937 6493
3454 3904
339 5097
6163 5898
7395 5750
4019 5933
5401 8067
-1681 6808
5939 9229
1213 5326
5240 4535
3215 3071
4513 1313
8916 7561
5980 5192
3346 3909
2009 3889
5014 6664
4367 4632
4412 8139
6115 -37
5510 7126
1450 1483
3935 1896
3339 6000
4159 3954
5560 873
5065 4398
7321 6528
1380 4886
4695 6449
6305 4797
4509 5594
6807 8240
3965 5151
4743 1951
3813 6952
7262 5513
5191 7009
2088 5609
2360 3580
5475 4603
3000 5553
1183 2079
735 416
537 5191
2223 2557
4191 2406
-1023 2725
9924 5837
726 4050
1807 5763
1396 1988
2869 4391
4466 4349
5967 5289
-1588 5747
3322 3965
1991 1435
1112 2426
2542 5156
6765 4267
3201 2975
3123 2967
1154 3400
246 4514
3547 4024
5043 4181
4089 5701
2881 4765
5058 5084
4713 4373
6154 3719
6518 5596
3155 5555
5436 4318
4612 -509
1343 5708
3131 4976
1813 3049
1092 3929
2696 7048
2602 866
391 10455
2905 1952
6867 3038
4813 1702
4627 4169
1102 5250
-2202 4198
5995 2091
836 5848
4076 955
1046 1146
3196 -780
6566 3393
4712 7063
5448 3606
6208 5141
2484 6247
2296 4433
7236 2265
3743 4143
4328 5760
2354 6057
3438 471
5092 5651
2897 2881
907 2714
2950 7803
5117 6933
2693 6433
-499 4558
3575 5162
6005 3887
2587 5528
4672 1057
3399 3881
7337 3493
1078 1415
750 1808
2693 3100
2035 2648
4959 4617
-442 2619
5670 4240
3526 1025
3445 4404
2930 5341
6044 3137
6556 5973
2211 8744
3902 6192
762 6205
747 6557
4434 1764
4073 4263
-197 5039
-620 -155
3156 6147
2837 6190
-756 2471
5030 7222
2466 1489
3333 3748
4693 4519
1892 2013
7341 4836
2619 3533
2941 4876
-697 4527
3745 4628
-530 4035
1268 5072
4684 5204
4999 4891
1947 4196
4110 2813
3519 3002
1719 1280
2114 6813
1956 3942
4734 4611
6185 9467
5563 2731
2455 3367
3116 5514
2502 1588
3168 8444
-1702 4940
4161 4909
5030 8773
-731 3587
6863 3218
4512 2833
3825 3329
2815 4225
4238 2694
1511 3779
4217 3241
2138 4160
4530 2902
1904 4725
3974 -3128
4577 8099
4208 3631
4378 5165
6300 5178
3496 4251
550 4300
6212 6817
3966 4897
3726 3433
3163 6669
3160 5281
5305 4524
5322 6869
3654 5046
3611 1026
7187 3251
5538 6503
4405 6598
8916 5907
1581 4915
1754 5285
2866 6882
4047 2162
6080 6577
3778 2288
6315 -1365
6045 3688
1634 7868
4264 5516
6336 3640
4432 6218
328 3040
2807 4731
3576 6070
9140 5950
5432 5853
4125 5836
-230 10874
1907 5579
2480 2520
-739 710
8382 6533
4056 3058
2608 2767
-589 2370
3306 1904
-1377 2507
3360 8365
3741 3008
1292 3336
2330 6002
3390 5361
6216 5267
4419 5720
5897 5393
2537 3216
1408 4394
4545 3566
3117 5051
4755 6655
5814 7219
197 11273
2806 3100
4116 3906
1816 3366
5076 5017
2158 4850
2875 5258
3521 3269
4520 2956
4758 5053
2893 3936
4627 3264
3146 5058
4364 2917
2833 850
6561 1062
1253 7659
8315 2182
2468 5674
3006 2168
11260 9184
2444 5375
1738 -17
4188 145
3029 3585
4676 5101
2674 5232
621 3369
1523 5756
6003 6396
4119 3905
5280 3308
4450 4513
1938 2566
4203 4336
-379 4722
1336 7417
2356 4003
5120 4167
5823 1545
6195 3458
5602 2658
1002 6097
5266 2875
8939 6098
2365 2875
5330 6341
3700 5419
1061 4502
2165 5763
4096 6441
7293 4670
2933 4326
355 4909
1070 4991
3694 1417
6989 3352
3635 10872
2010 7178
2372 5301
2825 7922
6431 6975
4194 4732
5401 4315
6020 5588
2357 6107
3090 8083
3047 1731
1929 3513
2337 1926
2094 3411
2447 5349
3561 -2087
-200 3807
3527 2588
4781 3793
4672 4237
-504 4267
2305 7022
3415 4690
1627 3331
3020 4462
2246 98
5558 3033
2908 7204
-1741 4485
2878 5214
2067 6260
6704 4295
6340 660
1747 4295
1739 1370
2426 -2092
3243 4143
2198 3373
7366 5532
2725 2654
3431 4676
6457 9463
4193 1062
3062 4717
4373 8363
6592 3477
756 8221
4880 2578
3205 2023
3387 7135
1486 8738
2408 2935
2207 4113
3089 3889
2916 2218
3301 4391
959 6942
1962 5096
2551 446
2697 4926
2260 8909
-460 6393
4732 4095
5959 7569
1519 4396
1635 6749
4657 3672
4126 2140
5152 4761
4375 5446
2998 2384
5544 5150
4386 5098
1281 2938
1064 7261
3122 5349
1621 5537
2425 2273
1827 6946
3624 7806
3771 3403
2269 1209
2806 3960
6013 3351
2185 2956
2338 5550
4349 2703
2223 5111
3027 3432
1793 4382
5156 1087
2463 4634
3569 4649
3463 4546
-77 6215
3661 3333
2355 4396
5424 4388
2286 1019
1831 7981
7481 1122
2768 2874
3588 3769
-399 3793
3042 3757
1804 2677
2257 5220
1166 2190
6084 1714
-981 2938
-1517 3989
2569 2479
2809 3315
855 5316
4877 6851
2777 3633
1768 8159
1778 4563
-402 311
2852 4272
5581 2853
-1571 5573
1172 4831
4527 2316
6785 6014
3147 5829
1463 8476
1526 3366
4498 5124
2885 4697
2846 5947
4656 4590
4653 4570
1601 5030
5331 5019
2860 4118
2745 5928
1084 2492
1711 6219
5520 6094
5516 -97
7599 3045
6615 4046
36 4497
-136 2471
1946 4681
4761 4172
91 4995
3288 2922
3006 -1584
2447 4052
51 5875
1393 8231
3515 2428
5180 4907
4628 2524
3740 793
3676 2257
1951 4191
4896 772
2605 3188
6983 2719
2292 7767
961 5692
6813 5693
87 7682
2954 3685
5199 2172
2375 4152
5681 3062
3070 3889
3989 2434
2831 2402
6433 590
2732 9160
5191 4304
3016 6143
496 3579
4232 4676
2172 3084
3415 6403
6705 3135
4195 622
3984 5533
4648 2574
7271 6145
485 5891
4445 4613
-670 3589
8733 2057
3817 4309
4137 6129
5800 2503
3663 4791
2782 4490
4207 4406
6552 6380
3632 -262
1604 4680
3037 6727
178 5994
4277 4879
3889 -3120
3396 3595
3018 4109
4228 4319
4851 5256
5391 4584
1822 -301
-1127 4809
1158 8071
2930 2721
5997 5150
1650 4633
2086 444
2659 6631
2544 2670
2107 4552
5882 4314
2999 6264
7405 5582
475 5278
3321 3585
3878 4978
2254 6178
2437 5712
2193 4678
2678 1983
6268 3921
2236 2098
3743 5382
3845 2597
4042 4662
4257 6138
4778 4870
4295 3375
3022 5674
632 5570
4029 3444
6555 6617
3693 4907
10725 3622
3094 3806
3105 5128
8839 5029
9373 2239
1994 4920
5172 5190
4668 2563
8059 7252
978 3504
939 1467
5092 4666
3283 6045
5188 5414
4377 5679
3397 8728
3225 1410
3098 3126
5538 4334
5800 5821
4984 3001
2778 2869
1959 2421
-1565 3076
4773 4788
2932 7228
1854 2430
3289 6560
3150 7316
2329 3814
3817 1683
2526 8025
3169 2462
3594 2430
2531 6195
-2534 2002
4097 4627
3203 2802
4554 7042
5098 4915
806 440
2185 3412
4593 6787
2191 4874
3164 2894
685 2106
1763 9145
3021 4574
226 5023
7753 2038
3456 4785
481 3133
4409 5862
3554 -1056
5193 975
6534 818
620 5751
2213 5874
4382 1586
2065 676
1716 3450
3474 6611
7341 3379
9066 7177
2755 7179
408 7189
4348 134
4804 4041
3892 8051
912 4857
2279 5435
3792 4623
3463 2969
3147 5248
4834 4459
5605 4559
9348 926
4968 1330
3797 3481
3096 5616
5731 5873
3195 5749
8088 4289
3559 1377
1456 9330
3936 4601
2637 631
4430 2164
4542 3464
-1145 4166
4155 4106
3744 4128
4158 4863
7290 7099
1224 3268
5426 5752
-909 6077
4933 4715
4171 4096
1103 1318
4785 1338
3212 8805
6996 4217
4839 5621
5386 4822
3595 3644
3353 3173
95 7707
7036 4703
4952 3306
1599 3551
3719 1179
-521 7743
5623 2429
3044 2505
2855 5320
-382 3696
2802 1661
5393 3199
4181 5240
1323 4516
4032 282
3615 3688
3844 2734
126 5495
2785 2670
5404 7073
1097 1503
3097 2006
5425 370
5839 5243
5215 5919
1914 6311
2583 5782
3899 4812
8554 9356
5623 3926
2163 3650
4623 6787
7658 6619
4002 4195
326 2449
3666 8012
3923 5954
3621 5596
2166 4669
4257 1014
1856 3019
2700 3609
467 6255
4697 1568
4195 5252
1761 3447
7099 2449
6417 4229
4040 3166
2090 2751
3937 3737
1498 5320
2482 4157
3805 5210
7730 4374
1135 6176
-1174 3325
4323 1722
4988 5225
1926 -270
5291 3423
618 3268
2968 5512
2880 6419
2610 8688
5542 5081
4862 -679
4807 6268
2362 4067
4381 2918
3277 3327
2859 4335
669 2993
4505 5555
4694 4600
1793 1475
4325 8316
5083 7003
2143 11347
-933 6172
9207 4174
5118 4321
1626 6214
-3542 11015
6838 3403
3320 4869
4189 5519
2641 3619
2891 4010
3117 3894
1462 5831
2646 7337
1545 4948
-1668 4150
3889 4095
4228 6516
2141 2041
3121 2872
3667 3327
741 389
2250 4727
-927 6131
486 4173
2263 4425
6087 -2092
3096 3122
3024 4999
4998 3998
4469 5669
5226 5602
4869 3555
5373 3324
2094 2600
3969 1471
4572 2427
4446 4366
1687 2443
1205 8617
2463 10121
3962 4380
5448 2160
3391 5423
3445 3781
4005 2478
4979 2761
889 5826
876 5048
5183 5338
4999 2699
5310 1919
2333 4639
6014 5302
-257 666
1810 4418
4023 -482
3388 1557
2650 7022
5124 8077
2658 5272
6687 8943
6169 2194
1234 5591
2189 3196
-736 8498
1590 5449
4303 1636
39 7517
5417 1535
5449 4499
2948 5832
-882 4578
3431 1028
3487 3930
8248 5202
2414 2968
1007 6973
2915 3869
-23 1955
1817 5087
1073 4758
1436 2061
2944 3968
-88 4692
3231 2344
3387 3946
2859 7185
5948 4525
1147 7241
6064 6089
7277 5527
5132 5716
6329 7178
4334 5302
3702 -876
1771 1931
7396 3140
1814 -565
164 7766
5796 4081
6438 2994
704 -429
6222 6724
1309 4492
-1095 2162
3917 5595
1412 5198
-166 3947
387 3815
5465 1861
4336 3284
3547 2421
1095 2721
6008 6780
2183 1906
3894 4237
523 7301
3201 2410
1298 7503
776 6097
1898 7285
2212 9708
-1311 3829
2741 1542
5125 5669
1625 2849
5801 3604
3262 3758
-41 6958
3531 3944
1670 5227
775 3793
2180 4741
4736 4386
2679 4194
1431 2929
1930 5229
5205 4241
5405 3127
-2336 6094
5011 1280
5049 1949
3421 3357
3560 2735
6688 787
5728 5385
2783 6511
4578 4512
-188 3186
2515 2267
3599 4099
-387 7579
1109 1791
4479 5450
4683 4497
5261 1865
1349 4780
1496 7116
5504 4906
3182 1336
1689 6706
3698 2258
1913 4601
570 3219
9782 3127
2526 4509
4727 3065
2267 3680
4741 5851
5977 5050
5253 8435
2877 4388
-1250 3957
2937 6348
2982 4583
1479 3186
1590 4382
4487 5684
-1572 -206
6461 -485
3630 2714
1320 5330
3310 3204
733 4624
1798 5284
2418 -4558
6678 3816
5891 3530
5511 6582
9147 7120
2816 5698
1081 3380
1576 2615
2827 3514
4398 4813
3237 3180
2832 4254
1013 3029
4419 4384
-517 1464
3972 1182
2576 4702
2993 5952
6101 3064
1736 6478
5214 5823
5267 5524
2493 9921
6001 5585
2320 5416
1173 4974
6029 7542
2613 2091
6662 3495
624 3426
7502 7479
497 509
6258 3939
3805 3849
4967 2883
229 -3746
2580 5115
4853 2671
5764 4278
5681 1535
-934 2918
2735 5196
115 -1923
2142 5157
4976 3930
-155 3274
-1251 2640
2494 3981
2568 4441
2002 3483
2623 3514
2206 3066
3228 7665
1685 4898
5261 3821
5948 3151
3973 4792
3201 6100
5292 4040
1610 3837
2735 2369
1120 3199
460 3187
1383 2312
3110 4921
5050 4101
2885 6130
5226 3768
1645 3916
-3118 435
5500 183
1306 2939
1770 99
-451 -687
878 7668
5439 6996
4377 2567
-917 6487
3808 1568
4195 3645
6188 3422
5955 4038
2484 3417
2884 6474
4193 4718
74 4278
7904 6778
3780 2371
2141 5982
2569 4881
5212 2764
1934 4110
3490 6018
1943 3951
2402 837
4899 1281
1158 6397
4601 4656
1533 2823
5364 6571
5042 4372
7848 4245
8077 3341
1567 3760
3118 1805
2860 7781
2843 5150
6362 5012
4280 4780
5793 9626
2231 4374
2272 9110
3719 4156
5800 4897
4275 5646
351 6405
5463 2955
2385 3202
3422 5518
2670 3639
3497 5222
4887 3079
2658 3705
3800 2333
1701 3676
6371 3289
3236 5808
5670 5352
1564 1187
6141 -4300
1016 4275
2563 2325
1516 4238
3642 2598
2543 6950
2527 1280
2447 4963
3356 4718
2405 4737
4911 2674
2364 4710
5729 5744
3558 3067
2390 5914
9145 12774
2265 3880
4537 5672
-4248 3727
6922 3262
2619 2989
4296 2595
5923 5634
5465 4875
3602 2102
2037 3378
1654 3454
1919 5278
1056 7350
-664 5269
6857 4244
4879 2126
-882 5864
2555 3196
-312 10673
5161 6817
5958 -702
1888 6744
4203 6516
4456 4857
3829 -2120
2558 3094
3364 8588
7600 4455
1881 3729
213 4898
-511 4978
710 4496
5339 5169
6444 2187
4125 2936
4888 4629
3030 6071
8274 6332
-119 4599
4698 7506
3675 3512
4860 2001
4105 5747
3608 6408
2758 3975
-197 -2401
-3577 5790
4963 7237
1544 2882
5327 6729
2540 7020
-407 5339
2814 3670
1246 3791
1325 5566
1551 3460
4362 6163
1813 504
56 3436
2574 3387
3075 5157
1456 5734
434 5146
4888 2834
2953 2914
3124 6061
3064 1511
11985 6650
2421 -7
4527 6697
3088 4820
-57 9354
4087 6840
-788 6441
3677 6627
5074 6131
5588 2239
7648 2197
2163 5260
2456 4867
4457 4964
3486 4297
1835 4221
1847 4012
6904 2234
1675 -1072
2989 4101
5868 5499
1897 5864
6257 8740
-1165 2089
2397 589
2972 3836
6247 4108
5533 5641
3971 3268
3345 3371
1571 2263
2149 1721
5074 3460
6905 -1063
2127 9514
3607 1318
4314 5794
3632 4871
1147 3806
1632 2515
4026 4851
4794 3459
2089 2551
3251 3752
4839 1267
6251 4665
8522 1893
4180 4143
3819 5509
1988 -138
3298 6027
-4954 6321
4678 5978
2875 4602
5283 3654
2780 796
2880 6533
6712 4338
2578 5608
3683 4816
3684 2095
5970 5620
5084 1273
3982 5505
3018 5142
-437 2725
6867 3185
2775 3217
2101 3633
1445 2100
3762 9636
3707 -1469
4541 6419
4881 5885
6392 5295
4609 3784
2769 3863
1002 7697
6729 2037
1501 2701
4623 4742
2202 3259
3784 7385
6851 10411
3642 2691
9350 5751
4106 2569
2041 4581
5259 -798
5023 3372
4721 1147
4716 3008
3400 291
2688 7080
1785 3093
1950 6950
1764 5304
7872 5858
5366 4891
4772 3576
1 5765
1471 5111
904 7802
4796 1270
4381 3528
5221 2050
-755 2867
5531 1042
2479 4644
3018 4039
2959 5479
2420 4765
2396 5440
529 4209
3298 8339
2320 2737
1635 4155
6454 3565
3433 6591
7419 3456
1566 3959
5728 5135
1642 3282
3644 2654
2920 5117
4818 6469
3565 5607
5923 5039
3238 4855
2479 6843
4362 3156
4132 3190
2938 2730
4764 8564
948 3059
6104 -543
5747 3547
1118 2596
2756 2963
2382 2897
6962 1673
8439 3331
3731 3936
2842 4362
7834 2477
4199 7141
7839 4762
-442 6681
3815 4137
2581 3236
2725 2858
-733 2927
4343 -689
4473 3156
4299 6450
3564 5258
5534 2675
3410 -1801
6385 4508
6103 2399
3288 1235
3609 2021
3835 1933
3249 459
10804 -4731
-1918 8941
5744 8137
2583 5143
5201 3648
2649 3974
5840 5490
2947 1807
-3 5823
-3 4715
1878 3782
3939 3409
4847 5428
5093 3373
5003 7018
-1852 5719
-1790 4798
712 6533
3235 6080
3953 3792
1422 5080
4163 2886
2829 2363
4421 4464
2334 5472
2183 5408
3062 655
3804 3674
-2068 3549
73 2289
5061 5943
2558 4721
2393 3141
5387 4730
4071 4690
2519 -727
4488 3029
3791 -1949
4501 1126
1524 438
4153 3004
3179 2532
3053 3430
4010 2915
728 -5034
11216 2861
2771 6178
7955 3926
4744 2607
2433 3860
334 1833
2063 3894
6249 5191
4443 6511
5367 13325
5877 3626
2191 11722
3449 805
2380 3756
886 4652
3412 6878
4686 4066
5209 4603
3773 6003
4062 4761
2524 5770
1338 2846
3109 6940
9354 3442
1701 1961
1411 4236
5185 3595
5707 2499
5061 3419
2170 5906
3587 4185
6249 3769
4082 4222
4814 6819
2453 2419
299 6494
2799 5215
8329 3998
2593 1298
3712 5133
3642 3298
2799 5439
4958 3542
6098 2403
4314 3037
5404 817
1608 3918
3179 6746
2956 5984
4408 9862
2436 1891
1533 4949
1355 5026
1018 4283
4103 6227
4639 3010
2869 3908
3307 6818
5853 7406
3345 3186
2052 5067
5259 2893
3909 -350
7260 2057
2466 4303
3947 6013
3409 6714
-406 4510
3638 4233
5301 4766
184 5240
6503 5457
4301 2726
-4672 4275
4685 1084
6839 3900
4918 6497
3691 3179
5300 4312
7004 4140
2343 5893
5105 3763
4989 7528
5156 2896
5458 5212
5847 4177
4751 2941
2749 2380
4548 2681
-518 -3513
2229 5435
5703 5859
3801 7609
5108 -971
5450 3048
4003 3942
4242 8702
4241 391
2751 -913
4785 4991
138 2928
3933 4474
3954 4048
802 4576
3530 446
2731 5441
2960 3899
3743 1891
2788 4074
5491 6152
819 -160
6142 6711
6725 3010
4747 4384
4087 4429
-157 2510
3180 4084
-1015 1921
1682 6010
5959 3599
1225 7023
1147 4434
852 7157
4928 2743
4957 2711
2620 2574
3207 141
3181 5267
4032 4790
2895 4319
2035 4395
-94 5150
2355 4338
1640 1300
1084 7740
8458 7151
6416 2607
2783 5458
7318 5288
4103 2044
4733 4017
5503 4259
5385 1411
5827 5821
3678 4698
667 7098
-927 1981
2461 3811
-747 5380
4570 7192
3781 6254
3144 3946
3176 6463
3041 3806
3513 2761
6759 2075
1557 7059
2868 -532
885 3457
2807 5112
5175 11792
4044 3774
4355 5999
4474 1654
2528 4929
8378 4532
364 5373
2613 3424
2561 4505
4627 3242
393 3534
4798 4979
10076 5149
2653 3935
2638 2648
-941 -274
4961 3414
5166 3536
1828 3258
5007 4961
6130 2444
5826 8018
4127 4094
4202 9811
4225 4941
3265 5245
2776 6355
3604 5547
3735 4870
2062 8199
5082 5401
450 3782
9801 4395
6377 1440
8521 2817
-60 2280
3233 1949
2527 6199
2874 618
2748 2826
4007 2966
3900 7198
5798 5667
2660 5750
3048 4888
2103 5142
414 5455
4648 5457
6072 6176
2862 4986
1840 3393
5912 5071
5733 3351
4462 4589
4848 4481
4343 1654
2463 7270
2421 3029
4032 8794
4584 3219
-824 5828
717 -17
1178 -485
2106 60
3368 5276
5339 7205
3635 3055
1513 4894
3168 3506
1035 3832
3833 2050
4795 2989
1040 7582
4548 1277
6354 4748
4014 5619
5080 554
1513 3984
234 3245
1765 4068
5852 5693
4848 5355
4818 5871
4966 5767
1776 3223
4107 7706
5373 625
3495 5645
50 2947
5653 3572
4067 4190
4684 3690
554 6013
2904 8613
676 6336
7043 940
1493 3326
4110 6826
-1039 9717
3663 8680
3111 5845
4591 3008
3062 5718
-1719 3800
1827 4667
2428 4848
4517 2105
3385 4546
8531 311
1061 11381
921 2875
5829 4518
6045 7443
2991 2493
2010 2935
2292 6296
5191 4267
5392 2509
-182 -2156
3792 3687
3644 4811
6721 4268
2210 6590
3228 2084
2730 3857
1176 -1430
5135 3399
1519 867
3359 6897
2239 4403
4445 5636
6155 11295
81 3555
2654 3728
1347 2930
2585 3741
6519 3425
4965 1066
3915 3005
-594 -49
4853 2321
5335 2860
3621 4657
7874 3466
1878 2731
4755 4812
2788 6186
2363 8531
5738 4304
1423 4728
4249 5922
3391 5177
-9 4554
5791 5821
-1650 1981
3564 -1116
4813 3753
4688 4910
1247 292
3524 4414
3525 3242
2097 5356
3104 5988
2014 -516
4335 -651
212 7984
5650 3662
7973 -825
3373 2493
1810 5127
-2489 5254
2417 6737
-313 1248
3028 4182
3827 2989
6290 7190
4701 4202
4353 5943
2289 5040
2669 3050
4414 5307
5184 5867
8917 6737
3835 3983
4000 2158
2120 6801
3973 5073
2761 1997
1435 1560
4548 3630
2199 3803
2425 4091
3712 3711
3558 4707
4224 811
5522 5028
4480 7301
852 3781
4177 3999
5846 4185
4580 4456
5677 -2411
3310 8836
4330 5383
5539 4003
2163 7880
4239 5015
10725 2542
4421 4464
-2013 10851
4315 5071
4811 6726
2157 5624
2902 4333
2298 5320
3999 9522
2457 6115
64 3971
4445 5888
2629 4157
2841 5990
7725 7059
1902 3038
1585 4008
3482 5791
4245 4086
4985 6128
1158 6320
4774 4601
3615 2941
2621 5134
5041 6454
2194 2139
2410 3751
3163 1602
1888 6604
625 3397
3928 3753
2760 1927
4640 3746
5320 5619
3403 6265
2672 8093
5159 3716
5627 3268
6415 5816
3529 5767
4912 2380
-3044 5182
2982 -183
3931 7461
2407 2531
4491 5765
-338 3439
4977 2596
2434 3255
5543 3012
3230 4899
2235 4758
4715 4166
549 4446
9710 2387
1248 6177
4756 1047
4293 4203
3790 5085
401 7282
2402 3217
3996 8193
5024 1312
2146 4659
1823 3020
4568 3633
5556 484
5711 5595
3598 5819
3459 1356
-1344 284
-2830 1942
-5 5718
3950 5425
5976 3369
4238 5670
7155 4060
5433 -138
1367 2949
4474 4362
3157 6665
2972 5067
2488 5054
-1518 3223
1001 485
4891 2854
4751 8843
-350 2531
3712 4686
4927 5773
2886 8605
4706 4171
5394 1327
2462 4634
1506 2974
3921 6569
3361 2689
3549 2340
1363 1258
3840 1534
5068 338
2970 4566
2796 4610
5064 3432
-2199 3166
2013 3144
5186 3764
4987 3172
6265 3519
3714 8656
283 7780
3804 4963
5693 1722
3789 2609
6632 2133
5853 5351
3466 5328
4707 4246
2078 4467
5616 6921
4732 1943
5892 8800
3911 4586
2532 5369
-996 8276
2996 5690
3806 4102
3176 5913
4089 3213
2034 5336
1691 3349
-152 4792
3868 2676
5577 3535
5836 4942
6895 5302
547 4803
5420 6499
4268 5038
3526 4533
3617 1159
6241 4836
-188 4072
2369 3366
3641 4099
23 2617
2766 260
4938 10044
3572 2762
-169 2699
2087 4876
3751 3562
2962 4677
3066 5599
2018 4488
5848 4331
1656 3163
3264 4
-747 2972
2913 7691
1156 6185
2869 4357
4787 6677
4354 1057
518 2657
3323 7637
6002 5116
2124 2159
4818 5582
4939 281
2378 4017
5151 1702
2171 4610
5633 9503
4674 2574
1049 6151
5732 7720
1285 4001
6243 5013
4723 4053
4233 4248
3473 2910
5108 10206
7089 1520
-143 2544
557 581
2994 2827
5252 3277
-1681 2888
1723 4344
2811 5267
5001 4571
3961 5747
3799 5865
4357 2864
2797 4356
2434 7533
3451 4200
319 987
348 5691
5173 3900
3584 3976
3731 4906
5281 5408
4986 -1414
1260 4164
5532 4375
3675 2537
620 4364
-1180 1966
1230 4446
609 2613
5810 5193
4375 3621
3993 6074
4513 6350
3793 1182
6013 10909
5114 2706
4508 4286
3900 3350
3280 5447
1528 3330
3019 3209
1645 3504
1746 7235
-311 5521
6177 4707
4225 3251
2797 4471
5784 3715
5011 2935
4506 6195
569 3388
5655 3474
1856 6503
3822 7008
3804 4666
7689 5134
4095 4559
2215 3994
2674 2544
2621 228
4624 5558
1808 3707
3032 4269
3907 3136
2772 4459
5836 3241
2040 4270
2450 5401
2605 2646
4916 4579
2173 670
6199 1596
1002 4312
4244 2432
3307 3980
4743 6867
5370 8866
4220 5740
4134 3985
845 1039
3537 1720
3809 5641
5450 6709
1791 6396
5165 4754
247 1211
1492 2508
2056 4778
2807 3179
5826 1587
4741 4268
4207 3960
6527 6271
3679 5060
3406 4701
1383 5705
6291 4322
4608 975
6423 5861
2731 3906
1553 2273
4457 8704
2601 3022
3294 5105
4829 2914
3824 5210
3199 4586
3943 2862
2441 3413
2985 4004
7631 675
3180 2548
2346 3059
-954 3538
4914 5148
4853 5972
5674 8381
2974 4802
2145 1312
2424 4113
3442 2463
4475 4441
1745 4763
273 7297
1643 6349
4915 6784
2512 3641
1471 -108
770 10840
3779 4330
-1260 1612
1430 2349
904 3234
4562 -585
-1381 2309
1214 5140
1892 5435
4896 4687
2620 2900
-1169 8840
6082 2830
3214 3885
1309 5722
2844 7854
9981 2912
1228 5918
4584 2697
1113 5813
5369 3937
2229 6468
5282 3741
1411 4360
3490 3408
4328 2028
1380 4932
8408 5845
3534 5423
2270 3569
-927 5210
5724 -3165
4614 730
1100 5722
5235 2963
924 29
2497 4336
6839 1037
4062 7937
48 5491
2081 2358
530 2618
4857 1657
440 3515
2643 281
205 9387
-1495 4563
4727 9951
-2230 5515
7829 5748
4331 6940
3533 4190
887 2890
1772 3905
1936 6295
2924 3525
4581 3652
3070 10249
3592 6346
1373 8243
1503 3470
4281 3570
1063 1276
4933 5597
2774 3588
1937 1739
2211 2294
5726 2519
4401 3894
1526 6491
4455 3250
7475 -2293
3985 3823
6054 8457
3290 3407
4914 2089
6088 3539
4536 2696
2304 2024
4915 5181
6091 4211
5376 4939
6164 2797
-1285 5803
4477 2809
3389 3612
6134 4483
2779 3832
5087 5136
2084 7465
5388 4475
1319 -2632
3732 4281
1014 706
3220 9584
1930 2596
4452 5461
2629 3727
4525 4916
4036 7663
5001 -684
3231 3206
5486 9983
4599 2802
6271 -2204
2013 5751
4025 5012
2259 4331
1723 3238
4932 3748
3555 6632
5131 4547
381 3933
5484 5635
3632 3385
3843 2806
3173 4548
4244 8423
2260 4888
4296 4500
4617 3528
973 5051
5631 3327
5303 1424
5240 6782
3511 4952
2941 3061
-2438 2600
1919 2486
4694 802
3904 4334
2724 6180
5808 5235
418 4933
3411 5459
1034 4750
2154 4234
6951 3638
3659 2622
2567 4101
2645 4641
-709 4131
5668 9560
3037 4706
2951 4178
2860 660
4170 7939
1709 4384
4771 2415
4026 2788
5836 7340
4810 5690
5069 1478
3226 9977
3736 3195
1794 4922
165 5054
996 6501
3529 3715
2412 2352
2438 4721
3751 1656
2730 3848
1372 3193
2464 -3839
4340 7664
5683 3209
3729 8123
2060 5171
506 2994
2032 2953
-1102 7541
7349 1521
1780 4525
4474 5052
1341 5576
5747 2106
4698 4839
1289 5431
7532 4624
4240 2673
5733 4970
1827 1341
-1195 2843
2693 5693
3523 6399
3924 7355
4075 1399
1761 6129
1859 5026
4451 5135
1842 -186
3047 2555
4567 1907
6676 5949
3520 3614
4469 5714
4560 4977
-218 -1679
-75 9074
5032 5107
2758 -183
4609 6715
-740 4138
4107 5552
1550 1550
4652 6650
3352 5383
6939 7177
4440 3415
4801 9211
-918 3197
1599 6511
2163 4511
5544 2571
9804 6824
8926 1599
-4606 7645
4121 3845
5387 6326
7481 8276
1821 6276
1135 3336
5697 6922
3760 3769
4765 2414
3832 5646
1556 3835
4417 6257
2171 2969
463 -997
5276 6277
6215 6569
3607 -920
22 1263
7110 2765
3130 5645
6726 8028
3366 3846
3041 4555
1925 2831
4060 4226
5299 4044
3642 6196
3147 3477
7337 4450
5843 3059
2610 4159
4112 2063
3807 4100
2892 5413
2903 6306
3894 1632
1614 4781
4655 4640
6739 7301
804 1099
3316 3353
6193 7704
2931 1575
3102 9463
3482 1850
2078 8414
4510 6586
5418 2378
2942 2799
-3435 3704
4461 6522
3543 4887
2236 5867
1547 3268
4521 6482
-333 4291
3863 3821
3877 4890
-1311 2114
3263 2401
3273 5419
2830 3313
5573 3828
2272 3122
-1746 982
2616 1073
853 3083
-1121 984
5267 -945
5008 8025
-2797 6098
2495 1273
3434 2831
2986 4858
8545 4649
3708 2531
4444 5036
3963 2023
3119 7042
3402 5446
2583 6133
28 6944
4356 4744
2743 1489
4852 3452
7658 5316
2287 4622
-2088 4181
4024 5072
2 3570
4391 6880
4419 952
2325 2050
3088 971
2108 4386
3791 3878
3599 7008
2599 4976
4061 5026
3102 1295
2472 2983
2393 6814
791 3621
5942 4560
3480 3969
3257 5281
1937 6369
6335 3429
7532 3496
4779 5662
2240 8664
1772 5797
4325 1745
1042 5918
1238 2671
-3420 5013
2785 2793
1603 6876
2776 6509
1700 3913
3647 4321
3457 3786
4191 3624
5576 6149
2115 2200
-2042 7350
4416 3354
2774 3481
2454 2726
4430 1530
-1304 1546
5631 -1047
3954 2648
3546 5402
7776 3738
3383 4069
3451 5057
3284 6868
-1366 8236
3493 2002
1508 3501
-1210 3539
5933 3167
3430 6793
5942 450
2940 2014
2860 3599
3850 2995
620 6761
5793 4313
1736 6806
2718 5418
2354 3367
1869 4622
2321 4334
3195 3078
4160 6085
2466 6222
4527 4984
3943 6081
4183 4029
2070 3208
4125 4922
4632 1772
3739 4770
4681 5228
4607 5162
4531 5343
3694 6610
4801 1735
2735 1060
8170 135
-1200 5386
3317 5564
7748 9522
2174 5575
2036 4112
1100 8181
-165 1890
1001 -802
4050 2695
4306 4758
4088 10754
8436 4864
759 4529
1243 2596
3723 5102
1876 4704
3588 7768
7846 6634
7102 5872
2603 2588
4597 4078
2595 6632
4403 4759
5129 7074
4562 5419
4059 820
2411 5503
6980 6802
1802 5427
2378 4896
4844 5517
9007 2176
2661 2913
2807 7732
-1612 -5778
5727 7163
3469 2877
5583 6694
-17 7073
4654 2873
5695 4423
2560 4400
6427 4777
3878 2580
5796 4869
1493 5648
5159 6825
3529 3285
6030 5702
2370 5639
1316 3868
4995 2112
4413 3570
5636 5412
5878 4875
1381 6620
3536 11000
9074 1926
5342 6896
3942 7631
1812 7067
-18 1640
2445 902
1885 6164
4738 6655
2167 2896
1404 2544
2893 4837
-2638 1661
6629 560
3557 3421
3052 4190
4921 2626
1169 7892
4745 4286
3739 207
3865 3647
4496 5397
8904 5029
3793 3026
5921 3496
1468 8106
2861 1808
687 3432
1947 3365
5503 -1378
-1156 2667
1675 4829
784 895
5568 5346
-26 4476
4167 8422
3133 1260
4955 2932
4805 4417
-2708 430
5236 4199
1740 -1059
3604 3610
6652 4550
926 1222
-1013 6554
4337 3961
1573 3619
3708 4594
887 1762
1323 2572
4596 3891
4075 4452
4960 -2561
5540 4756
-268 3040
2862 3708
6987 9191
3130 4519
3943 5645
4580 4774
-202 6320
1705 5111
4526 7035
4206 4514
-2116 3591
5100 3059
4604 3233
3862 5800
1550 6620
5079 3992
4228 127
-279 5697
45 5706
2984 6539
4755 5493
4882 4674
-2167 8158
3827 3663
4613 3195
983 3664
3326 6026
5416 9000
2361 4835
5626 2169
2535 4896
4704 4459
3833 943
7376 3079
2825 1952
6150 6451
4143 3445
7267 -1720
4256 5106
5356 3186
3455 6360
5606 1512
4053 4506
5421 2425
5440 1748
-1641 4693
5990 4209
3972 2883
4835 5074
3726 5303
2109 -1224
4011 6565
7439 3704
4026 4217
3500 2940
-606 2310
73 2992
3107 826
2362 4707
5307 -2898
1145 5948
3102 9580
5831 4787
4440 6014
3880 3534
5061 4469
6306 4392
6801 6672
4321 261
4636 7817
3903 1006
4488 3351
4939 8474
6217 5533
3994 3055
6703 3230
2354 4331
3545 5188
5006 3148
3725 4710
1328 3307
4633 4788
4616 4110
2192 7450
-140 6303
5136 6328
2630 1265
941 5184
6040 3406
3784 2274
6815 3409
376 2169
-1690 3072
6601 3634
1679 5129
2594 8018
2807 5948
3719 3357
3349 3341
4797 5913
6030 5897
1861 6818
5350 3040
3530 8860
3824 1653
1695 2790
2804 1681
3895 5210
8473 10790
1279 2702
2551 3674
3742 3631
3017 4861
4150 2894
8228 6504
697 3777
3816 2764
4217 4401
2660 3141
4695 2215
3985 3769
2163 5737
4636 7601
2963 7066
5232 3181
4117 4541
2950 2059
2253 4806
2229 7363
3244 1693
5001 6531
2628 6198
2783 7050
155 4612
-1177 5104
2918 6516
9748 7802
2459 1219
3596 4576
2918 4108
6591 3801
6654 3102
6423 5015
3473 11056
6688 2089
3678 7035
4361 2935
3676 8283
6241 5667
2543 4187
2623 4274
4084 4829
4432 3926
-4913 5603
3690 5691
2855 3509
-1052 4586
310 4077
3339 8123
1405 5022
5777 3532
3612 5657
5031 3180
3706 7012
5378 1579
3103 2776
6175 3854
2332 3694
3135 6381
6576 7810
4148 4540
3512 5434
5421 1721
5193 3631
7298 5256
1318 1816
6214 -716
4339 2362
686 3788
8141 6104
5696 4445
5366 3014
3157 6793
3301 4964
2013 5304
7342 2846
-40 7459
4344 3447
3645 3018
3760 4016
3749 6353
4316 6756
1983 3345
1319 2800
2778 6182
5340 3936
3386 2983
4963 2075
4862 7174
1108 917
2947 2664
3728 1939
3390 5014
3543 3833
4499 4634
4622 818
3569 8244
1550 5922
6803 4782
2323 7639
4337 2178
3531 3395
5375 5448
3235 5415
1940 4244
4662 2769
7125 4616
2736 2853
2494 2661
4918 3015
5557 4468
-88 -892
8363 7100
1246 6245
1954 5042
-3548 6567
5008 6226
4848 3117
5492 3066
5390 5332
5242 5896
3763 6165
2765 4654
3323 5088
7221 4447
3407 1495
1833 2946
5970 2504
4083 4720
10061 4455
2383 4701
6416 4636
3183 6744
-164 8452
4676 2842
-242 9477
3056 5100
-1419 2721
-15 3287
5198 5605
1629 8032
3644 3946
2667 1802
1963 4123
-233 -703
2367 115
3944 3573
855 5385
3812 1665
4940 2201
4771 4995
3421 2978
2968 3835
3408 3881
5769 1597
1504 -1294
1495 6482
2212 6317
5100 4215
7047 6761
2574 3178
4977 4297
2845 6217
2510 4817
7635 3106
2330 3750
3997 5288
4814 4257
2942 1773
4351 3932
3564 860
2182 2672
639 3351
3283 2082
4347 4564
2907 3655
3738 4765
1078 3422
2358 4644
5499 4497
5282 1415
4757 2638
4682 3435
3064 4956
3890 3314
1180 4517
6948 -1785
2286 3693
3436 7400
7404 900
3482 3237
6096 9288
2774 1145
3806 3680
-947 2738
-843 5895
3579 3934
2197 5302
1959 3864
7041 5168
5679 5077
1393 4646
7490 3917
1737 4888
5643 5358
6231 5780
3425 5337
13075 4145
4256 6044
237 8861
5855 4799
2781 697
4371 3535
-255 8912
2206 9086
6394 5351
2377 -1495
6288 3595
5639 4226
2908 2575
1984 6828
3431 7803
520 -1022
2682 6613
3236 5609
1786 7164
4175 3252
3632 5109
4095 6462
1107 5890
1758 4631
833 4703
7182 2691
-363 4931
2385 6170
3880 4748
7642 1183
7801 6509
4704 4446
2098 6941
3634 3520
3311 1802
5427 1032
908 5893
6122 6408
2762 2268
5914 4397
6063 4331
2122 1732
2765 2064
1639 2947
4315 3899
2646 5348
2577 7807
5322 6146
986 5700
2203 7027
5018 4981
3676 2732
3815 3104
5399 3789
2230 7769
4622 4323
4465 4722
2137 6789
3738 6982
3433 5780
7606 5206
3848 5374
6006 3723
-487 5050
-533 5373
4065 3994
792 6307
6680 3374
5579 4707
2253 5797
2251 4675
665 6142
1583 2509
5959 4395
3586 4462
1100 5939
5040 4869
2607 1319
-675 3963
2856 4570
4768 5600
3832 3956
2275 1070
6357 3067
3426 3394
1989 5297
3699 6767
4582 8651
2085 6518
5620 2661
2298 4148
3651 4567
2578 3699
3288 3904
2463 6895
4520 5328
4012 9020
5136 8061
4813 3403
5084 4272
4566 6446
7109 3054
4628 4541
-2253 3676
1953 4918
8846 1672
-880 7169
7383 2622
2032 6078
2214 2638
-583 7100
4554 3766
3649 5087
6566 44
5302 -2871
1160 7662
464 4274
3832 5158
1536 2793
2846 4210
2684 1294
-831 5169
3275 6141
3393 1787
4421 5852
-1791 3854
2651 3307
3978 5234
4423 1957
2762 6782
2644 5725
3963 5665
2053 4024
5259 2954
2919 3759
895 6878
-1312 6412
2734 2742
2470 3068
4980 5968
4891 2971
2565 5153
977 5619
6097 5765
2476 2649
2962 5181
4723 -27
4172 1558
4610 -4080
4478 567
6120 6249
1992 5659
2979 3723
2649 3082
3434 4986
4431 2663
1761 6710
4305 4821
3873 2575
3905 4021
3379 2544
3591 5035
2643 4883
55 3150
5665 5385
6480 4098
3445 4717
1096 2998
2768 1836
3085 6020
4791 8014
2984 -518
279 5429
2952 3844
2563 5817
2157 4035
2279 5239
5315 1836
254 5247
1881 5059
3341 3186
2287 3504
-943 5294
4332 3229
9458 -460
2965 4465
1972 3931
3632 7907
1951 2996
3844 2443
6306 2684
5529 2081
3236 3238
4197 2936
4967 4817
6358 1054
2103 6090
5961 6844
4751 3503
6286 7668
2230 2716
8245 -267
480 923
-5658 1908
2541 -423
5392 6341
2137 4999
1488 5594
5876 -1998
2798 3343
1605 4629
6709 6434
1680 7082
1300 -652
1045 1881
3847 3680
2114 7490
51 6792
4408 4496
6415 8800
6500 782
7106 3969
-3491 6460
407 5281
6729 1730
4654 3932
2936 4488
1703 4731
5905 1642
3351 5392
1183 -1450
3756 4390
4013 4634
3453 5068
8620 9150
6561 295
4976 6544
2726 7044
509 5052
5051 6778
4420 3251
-1408 7349
3886 4731
2345 626
4316 5484
3089 3143
2280 3549
7147 4213
2941 4122
5000 1480
2035 3725
3446 3277
3256 5301
3471 1874
2825 4600
5589 7624
2057 4274
8689 -217
3870 4669
4052 4109
4640 5008
-11 5503
467 6875
-2200 2142
2535 2006
5751 4338
1683 4242
-1575 6036
6232 4918
5318 4262
2982 3993
-205 3222
6293 5595
3224 9085
4825 5218
3003 7337
3296 1606
786 4566
1708 3135
3422 2878
5281 8032
3404 5457
2346 5735
5772 4848
3958 6681
1942 4842
-1553 6361
4967 1920
6372 3921
-1015 803
2510 1884
4423 5123
2223 -676
5206 4601
-1262 4880
8570 -5214
-45 5923
4023 4529
5293 7045
786 7450
5385 5129
2507 3745
3825 5078
6407 2994
-247 4813
6216 8052
3850 656
981 4521
3158 2336
4767 784
3839 5050
178 5265
8593 4063
1303 3438
2206 5598
2993 5829
4043 4833
-3 2973
756 7211
4231 6307
2699 4714
6519 6535
4842 4638
4626 6199
2274 7350
4255 2609
6394 10486
5906 4407
5086 2610
4250 4395
3449 4592
1513 2527
6368 4760
1899 6167
3358 5736
4686 2755
2459 5065
-1747 5281
3753 7777
3450 7482
3428 5706
3011 3184
4406 6698
3291 1449
2761 4475
3863 5503
6089 3330
3939 4971
-1968 3583
4508 3265
3757 5423
2601 5575
2938 3088
4329 3687
7900 2858
3128 972
849 1293
10114 6275
6393 3477
2981 5616
1947 -3385
3652 3144
4996 6879
1767 5010
7309 4929
2928 5545
-5063 4781
4376 2250
2725 3605
6022 7819
1080 6148
4447 2023
4943 6053
806 -5528
4913 5892
6239 6134
1605 3582
2376 6024
2442 2566
4336 4209
4365 2485
10951 9106
3525 2552
2721 4981
4191 3434
6392 5444
5035 4583
353 2734
-2787 2577
-1261 -696
1816 445
2614 4292
7082 5480
3622 2288
3052 6000
3797 5395
3674 2451
4910 5854
3149 6955
7803 4042
6542 6017
2932 4246
2601 4620
4078 3366
1772 7787
5594 3021
4216 2114
2740 6574
2371 6071
2503 4544
1900 1789
3566 3269
2387 -262
4509 3067
3953 5344
4016 4260
899 6422
2488 7040
1273 3212
1763 7831
5221 6634
4888 2170
2952 6962
4424 6924
5636 2535
3853 5703
1226 2560
910 4597
6124 3547
4239 4432
8732 3664
2604 2146
323 3446
5274 2726
851 6134
2163 3073
7017 3863
8989 4708
-344 6912
3478 798
4763 4525
2444 2010
4659 6193
2081 4743
3193 4843
-1898 7105
4231 6223
3004 5990
2987 2416
4198 4130
1353 5527
4133 8639
1944 2694
4391 574
3186 4630
2312 3734
3723 3151
1051 5265
2159 2764
4085 4
6428 2362
2200 1715
1937 4507
3920 3653
1187 9476
4618 2516
4157 7126
2395 4028
2196 4715
3463 1320
-1435 3810
5754 4678
5976 3901
4414 1020
1810 7223
1205 4926
3206 5582
2074 2211
-2298 -93
3544 3273
4646 4854
3140 1740
1322 4514
3246 4655
2257 5984
5013 4480
2533 8765
3303 4766
3913 6285
3989 3923
3631 6066
5467 1003
5306 2443
685 2329
4306 4120
2476 3490
1327 8499
4529 4644
2853 5289
3937 2860
50 5772
1996 3335
-385 6832
1576 4009
4257 4526
5609 9325
2130 5213
5985 3310
7137 3470
2739 4022
1370 3071
6111 5542
5368 7306
565 5244
2915 1914
4506 3582
2754 5159
6024 6495
2755 4325
3281 7720
2365 5315
4076 3213
3445 4782
3873 4416
-612 7576
4330 1732
2296 2272
1679 1324
3473 5181
1994 4664
3556 2630
2091 1149
1457 2717
-1362 7881
5555 4508
1110 4605
2852 4186
3443 5442
1251 3813
4921 4262
2754 3446
1367 5259
3401 7801
2383 3387
2133 4273
3904 4727
-2544 -1168
-2403 3947
8131 4641
4551 4933
4055 5854
3827 4705
7775 2082
7360 4864
-1495 1327
3193 1350
2062 5059
11008 7783
2172 6737
-1073 -937
5031 -2124
2032 4889
1627 3348
4195 6281
-1218 1427
5089 -352
1270 3837
2833 4454
4678 4598
4896 4102
49 2056
5507 2378
4129 3785
4095 4452
3335 8251
-335 3785
6371 5544
2203 2778
2244 5114
3986 5224
2407 4018
2721 4783
1204 4530
168 5599
2480 5860
1216 1431
-489 7057
1960 4781
4990 9847
7385 1345
3867 3182
2300 3089
-1631 5497
4497 461
2408 3948
2857 4828
1357 3039
630 4794
3144 6201
4253 3365
3778 -615
3141 4159
685 10731
1479 6331
3275 6290
3964 3705
822 521
4733 4670
778 8477
5907 5434
3324 2691
4479 7025
5454 5602
6275 4687
7728 4669
320 4727
1884 5661
4926 4015
538 2659
3285 4826
594 4172
2797 3152
4255 3142
7499 4374
-482 8815
4524 271
2768 6506
2211 4152
4097 2409
5090 4760
-260 2428
3372 6138
5775 5850
-310 5105
6409 12126
6328 1170
5150 769
1022 2584
3330 4887
3465 6032
1763 6152
4498 -1181
2920 4555
4467 3935
1855 3906
3339 3882
4972 4802
3921 3156
4395 10958
3189 5904
2917 6806
2582 2834
2169 5399
3785 4893
4915 4875
5973 5553
299 3472
7748 942
936 3285
7858 3006
5695 6556
2336 4967
263 9471
3881 5919
1776 1423
4616 3357
1151 2558
2055 3029
4047 4936
6874 7969
2110 2838
5555 3789
3245 2030
5175 2831
112 3815
1855 3131
5438 7016
4609 3583
4376 4045
4146 4077
2621 2129
6475 4643
2198 3220
6000 2557
4213 2399
3028 5798
6261 4718
208 5124
4495 2004
1159 2357
1714 3367
4483 6109
411 4833
3938 4192
5002 1604
5750 5264
-1032 510
5196 2106
329 7746
4373 3102
554 3966
4863 1111
4116 2238
3012 6304
4764 4139
7832 -162
4184 3416
5340 3974
1364 3670
1928 5136
7879 826
1103 5243
4194 5687
4146 6473
2085 -294
2561 5053
2345 242
-1052 5266
9748 2214
1958 968
3754 1955
251 745
-181 2768
199 1808
1668 2716
594 6691
4197 5352
1317 6096
4991 3472
991 7192
5485 1096
4028 3926
-331 6659
3146 6283
3494 6010
6297 4189
3425 1510
4046 4547
2811 1703
-1308 7409
5778 5589
3682 7470
2372 6500
1300 5672
4130 4763
3024 1527
1723 2512
4197 2674
2351 3948
1976 4144
4423 2455
2191 3680
964 3565
4993 2088
2104 6704
6789 4219
4571 459
1598 6584
-5031 8535
2010 3179
3586 4185
1887 4603
3339 2960
4512 547
953 4445
4427 6037
2874 2903
3026 4811
-1066 2399
5696 1449
4683 4352
-749 4509
6443 712
4769 -1190
5629 4402
1665 3664
1976 4486
322 3135
3424 5151
2946 8758
5968 2515
3024 1358
5528 2747
-5129 1503
526 5433
2764 5461
5815 43
3504 573
2294 2584
1291 2849
1677 3984
3028 4804
2548 5673
5078 1303
3311 5742
3498 6752
3419 857
-5404 8302
732 6226
3284 4367
7408 -2282
2121 7401
2327 1428
3592 2817
2824 6025
924 2145
2474 5413
997 4808
4915 3421
4336 4942
4163 5024
3485 4929
3130 3695
1685 5169
5541 738
4716 4025
387 5674
367 2786
7152 5459
6928 8110
7267 2620
4490 2221
6740 6472
3270 3217
3882 1813
1022 5784
7066 4250
3764 3150
6116 8268
5857 -1692
5207 3964
4744 2199
2009 8177
4447 7490
1215 3197
2723 5444
483 4075
-315 4287
4620 6041
2747 5192
2787 2719
3010 4034
3685 6426
6430 8477
2548 1767
4746 7465
3618 2982
3910 3802
7112 5733
4121 3868
4926 3862
2955 1434
4073 2895
2782 5916
6066 2522
4488 6444
507 4499
3807 4573
3481 4930
2250 1286
3841 4283
5355 6160
3455 3186
5603 2484
3580 5898
1559 2972
2489 2176
5136 6975
6236 6651
2525 7717
5545 -795
4631 7166
2793 4148
5845 -4589
4926 5702
5922 4653
4615 6987
2483 3544
2357 5515
5397 1668
1401 5126
6451 1156
2874 745
3761 4974
5147 -1759
3250 2238
1391 9018
4942 8342
5614 4829
5488 4803
2402 4793
2191 750
4196 5737
5423 4204
3887 3992
-162 3219
3781 2732
3718 5147
4521 6277
2976 3356
3966 3416
7373 5846
3279 5260
2793 5889
3234 2652
1699 12495
2284 5660
6895 5281
1993 6296
688 -2583
6222 1933
3334 1116
2929 7120
5239 4089
2618 872
3878 5622
2307 3512
2575 2241
3767 1143
2702 4849
1965 7305
2429 10346
4537 9322
2221 4150
4054 3175
5158 4077
2921 -321
3576 7385
4097 4944
2136 3208
5885 7160
2799 4103
5571 6089
6043 7924
2619 8090
-903 9627
3419 6150
5909 5343
2321 5118
5846 7358
6311 7690
4388 1534
4312 1263
5795 9887
7114 -2188
3123 7266
-1889 7081
-1460 6762
2877 5068
479 2476
2283 3528
2527 -3442
4239 4036
1820 5297
6798 5529
6441 7494
4698 4853
6204 4344
4359 4446
-1466 3031
664 6376
4982 157
6291 3301
-1211 5449
3310 3021
4770 5458
6031 5425
3985 4870
3450 3977
-1464 1647
364 7194
2461 1681
3391 4937
2631 6374
2788 6150
3829 4409
2412 3082
719 3160
3168 6302
1142 5843
4137 5346
2727 4258
6264 7247
3927 4833
2325 181
3051 6550
3796 6157
2115 5738
753 3336
2588 2263
4010 7922
-93 8255
3960 8538
5490 7391
9073 3102
3078 2349
9905 2763
3586 2827
4420 5882
1897 7775
1130 3097
3551 2622
2414 1929
1872 6350
2980 2501
6419 2574
1200 10218
1479 5848
1481 6560
6449 2290
1721 3907
5921 2625
2807 -1444
1087 3725
5517 4203
3672 4156
2156 3124
2889 3930
1935 6025
2079 4398
1770 4565
1866 4980
1200 9253
5182 1298
1911 590
3462 532
4633 3522
1187 7387
5559 3364
6303 4586
2711 5420
3157 5290
2471 4781
164 3302
4224 5774
981 6090
6130 6926
1977 156
8044 6534
-864 5997
1173 3006
5224 3212
2885 5453
3514 4217
1729 6885
599 4065
920 5210
4276 6568
3704 3639
3955 6390
4905 3546
4190 3065
87 2772
23 5394
2586 10524
4131 3034
4212 5530
3809 3687
1796 772
4127 6390
1563 6314
3962 2743
2064 4290
4901 1206
2543 3562
985 6089
2789 3140
4879 12248
7904 1146
3331 557
913 768
2935 4753
3288 7298
1648 6383
4208 3039
5284 2243
4366 4550
1821 5849
4842 4710
-477 4310
3385 -4182
-1110 3537
3230 3794
6099 6299
6178 3996
85 3625
6157 123
4156 4343
1770 10447
3857 5046
4612 5116
4427 3994
3932 5511
-969 2102
2122 4496
-2437 -2213
4432 6552
5060 4247
-25 6986
3324 5856
3032 5302
11 5473
4376 2638
4787 3733
4603 4760
4597 1969
2723 14842
6014 3713
1636 2194
2085 3023
6031 7216
2762 6307
4264 2905
7113 5287
1216 3719
4104 7746
3218 3109
3483 4831
4151 4255
3985 5639
5305 5390
2251 2551
5300 7197
4189 6092
5589 143
2422 3892
5558 4263
2052 6466
4468 8803
2528 4456
2658 4340
2684 5364
7308 3314
1084 3053
2558 1781
501 5433
5590 4457
-975 7112
3507 4779
3943 2948
3094 -1103
-500 -868
5075 4946
3425 3165
4116 7009
2908 3732
3742 5166
4410 4146
4878 5618
2323 1514
4809 5119
1333 5647
3769 3439
2323 2556
2802 3426
2665 8246
1416 5087
-991 4048
2153 7020
2678 624
6730 1587
3732 4610
3511 3320
1342 3519
4425 7488
4454 4489
3545 1812
7732 7536
6332 7188
3434 637
10414 6616
5984 1189
2085 6480
3981 5263
639 3897
3812 5012
-2869 896
2014 2177
3580 5209
3727 3894
7477 4910
5001 458
767 5024
2445 3532
3929 3430
6538 3147
1632 2894
2395 2257
5386 6066
3947 5142
5802 7245
-1822 5001
2623 4245
2450 7817
3893 5036
4888 4073
3610 4195
5369 4262
2080 4422
2856 3667
4249 3432
3582 4059
2177 5869
1285 4024
3971 6879
2851 3801
12103 -510
695 816
6205 2338
6285 1229
2960 -1831
883 290
3392 5801
4559 724
6007 3331
4768 6854
1178 2491
2202 178
3742 1436
6481 7643
856 3213
3646 9589
5193 7702
5716 4716
2795 4496
3095 3886
3905 6258
3551 3711
2591 1385
4359 2043
3394 4990
1692 4195
3419 5064
4578 1518
8782 4529
4737 4503
3841 5033
7017 541
5343 5910
5754 7470
3361 4504
5667 5763
3580 3100
4716 7366
5752 2228
945 4786
1608 7313
5711 3311
4439 5041
912 6276
1135 5841
7184 4755
5656 5258
-921 4093
1833 4578
4011 6512
4278 3868
2114 4497
3498 3972
2801 2926
3824 6665
3512 6326
2150 5946
699 6987
5533 3074
2176 5241
10259 7276
3368 6028
5731 5134
1991 1500
2442 3617
3443 3372
-2478 6707
6422 2811
1788 3292
-196 4994
3559 6514
2652 5134
3163 1804
4013 2914
2073 7702
-654 4700
7683 5301
2413 6387
1387 4018
4120 -16
2142 2002
1071 3472
1744 8981
4119 4892
13340 -1902
6339 10083
1901 3423
4067 2471
1243 1044
4294 3278
4769 5400
222 5771
3908 8165
6758 4232
1741 6268
3470 5471
1427 4141
6976 4801
4508 3387
3333 8069
6082 3493
852 3151
3448 5400
4968 3963
2434 6328
2977 5717
3230 4903
7357 6820
1754 3764
2915 7219
3287 2175
6460 4739
4559 4719
996 7712
5462 4330
4003 4183
7075 3489
2144 4618
1778 2507
6906 3957
6715 3328
6636 5557
2236 7130
3732 5764
3222 4404
5344 6926
3675 2211
3214 5675
2252 1623
5087 2786
2082 3687
7878 9337
2685 7093
337 5421
4149 2902
4426 6809
2949 4828
3949 5520
751 3415
1597 2405
3186 3221
7298 1533
2273 5273
193 4899
1824 2859
1366 5396
2907 3560
-662 4792
5175 2714
6580 7676
1908 1706
3595 4408
2942 2379
6254 4110
2692 2306
6047 11007
3159 2045
-1742 3445
2663 1692
3683 3207
827 2642
1792 127
7390 4149
3073 5316
5315 5732
4230 5409
-1245 3013
2000 7997
2410 3513
1394 5123
955 5190
7180 -262
2113 2468
2923 2170
4149 5126
927 5499
3670 3954
4190 3256
3758 3283
6152 3764
4058 8085
11533 933
3092 5298
-1567 -1842
2684 4609
2309 3185
1027 3193
6377 5350
1914 6740
3055 1779
5511 4232
6708 3441
1801 4983
5258 4105
4095 2739
2816 4010
3764 2211
4146 6364
2510 5740
2914 2628
-271 5195
4678 7118
4744 2509
2327 7279
5472 6554
6622 2974
1142 2391
3884 5967
796 1993
3409 1804
5072 2186
3253 2324
-3684 7770
5304 3661
3292 3013
3680 6146
474 2934
3364 6928
6305 4058
3427 76
2233 5489
5073 2427
4477 1778
6576 4234
255 7034
4693 6410
-178 5707
3963 4573
4224 2688
5502 2650
7828 2473
1584 2266
4701 3639
3316 6086
2418 5603
3091 4226
7307 7174
3671 5320
4376 4216
3288 1155
3359 6238
2234 3173
2133 5473
5249 5613
2510 5649
2423 6859
3478 2734
1444 4289
4594 4836
6597 699
137 -976
3502 7398
1896 3997
3754 2130
5925 5248
3378 -1112
3978 4947
3975 6508
3475 6356
1556 6081
6564 5883
2616 3449
5650 2441
2944 6388
3957 40
3438 2083
2336 4331
4774 1732
1663 3918
1618 5620
6616 6675
-4147 8575
-6453 14307
-8370 5831
13045 -5404
-8361 8131
-6963 -371
9772 -3239
-5102 -1726
13454 11822
-7427 1720
-7816 12396
-11095 603
8314 16301
15283 -2961
7082 18552
16743 2687
17511 -730
-10767 12860
1508 -8030
-7767 982
1277 -11294
-8724 3575
7033 -7766
2720 -10910
20589 7265
-3214 15263
6887 17263
-3944 13584
6576 15697
-12074 5974
